1 232 
39 818 865 982 214 430 531 327 545 276 590 371 616 503 754 568 770 535 514 692 358 13 204 347 244 533 623 143 668 675 374 459 844 238 792 57 19 675 383 564 
50 324 286 917 826 39 484 948 925 350 991 283 714 194 981 957 727 955 99 746 981 473 556 824 62 348 881 81 374 615 996 675 939 281 943 116 319 427 63 595 128 54 229 841 599 210 798 677 164 248 423 
45 72 330 320 134 29 200 566 402 815 561 76 105 193 19 220 863 797 635 457 924 688 686 116 638 247 265 315 410 513 89 906 584 418 578 69 447 777 634 848 943 546 276 47 90 646 
19 952 442 253 761 717 292 798 832 929 44 97 243 805 961 331 63 544 101 640 
13 547 768 598 746 711 144 373 109 233 18 727 537 811 
31 297 879 622 446 63 551 841 511 145 645 471 828 707 14 280 698 978 826 466 576 923 528 71 648 988 655 17 715 191 828 397 
39 706 19 284 120 921 124 630 417 121 100 244 179 466 875 877 443 52 694 370 975 221 792 974 208 447 990 274 637 817 671 476 875 41 111 994 961 587 624 377 
7 723 973 237 540 847 465 983 
49 158 704 225 730 496 198 938 942 187 563 930 356 585 757 582 625 220 575 937 806 550 666 864 625 990 452 164 836 917 498 86 74 202 662 804 49 211 93 342 750 7 271 105 944 28 38 568 247 612 
7 404 514 522 619 138 511 70 
3 698 986 151 
36 60 704 797 215 752 360 659 93 109 17 715 213 960 742 602 528 340 213 736 95 78 257 713 567 119 783 220 816 768 370 951 179 73 100 745 176 
9 755 620 919 772 334 483 731 428 84 
10 119 296 345 214 726 953 278 292 71 60 
11 239 180 232 541 710 656 640 807 831 450 561 
2 368 684 
36 850 415 915 933 376 33 581 721 598 306 25 876 949 96 287 460 334 466 691 874 528 347 866 334 529 667 246 331 35 930 818 236 696 732 521 71 
14 453 143 714 758 168 589 58 263 875 517 948 693 560 173 
20 258 38 905 786 57 502 468 91 783 285 678 478 16 198 901 132 2 43 845 111 
10 785 169 824 659 685 123 351 244 296 922 
1 685 
28 639 741 680 106 183 462 391 861 940 758 410 192 241 412 234 437 522 796 221 690 971 232 727 94 582 322 741 856 
25 425 33 813 518 712 270 700 526 12 912 817 122 322 8 362 85 593 799 958 388 371 1000 359 602 726 
4 536 399 544 391 
23 320 775 737 837 839 359 889 364 370 800 532 843 473 539 205 909 483 355 867 871 77 866 581 
29 943 736 566 693 631 308 618 950 82 706 139 272 64 27 987 786 826 518 628 651 408 184 559 891 538 425 113 615 642 
43 645 936 780 210 981 410 869 598 711 950 303 849 222 719 875 560 504 53 78 483 703 837 667 261 727 556 38 839 170 31 883 166 319 662 727 299 71 595 896 134 897 198 982 
20 916 209 29 771 613 106 254 667 943 272 279 21 827 316 212 349 699 94 514 17 
8 593 315 530 187 210 663 83 759 
45 552 27 205 933 797 817 390 402 483 684 673 113 705 500 429 916 200 127 361 713 143 468 305 809 998 844 18 660 278 776 656 830 154 212 114 303 28 503 704 862 187 729 975 891 580 
5 158 779 233 518 843 
27 338 500 535 335 343 552 346 620 679 2 801 185 213 914 487 593 769 190 806 955 270 132 197 849 238 706 979 
20 223 822 196 560 321 82 246 15 985 592 634 16 945 787 200 509 52 686 453 820 
27 259 774 497 742 322 697 980 27 676 449 602 497 997 513 169 78 759 183 63 702 816 78 646 954 277 506 6 
14 959 825 540 569 599 388 310 272 85 289 299 112 90 900 
8 86 412 776 515 522 310 929 223 
25 6 220 431 634 726 436 299 36 260 839 604 210 578 913 482 662 554 780 773 643 31 732 80 794 859 
46 316 168 875 890 645 880 462 75 866 539 510 164 574 121 354 529 331 932 793 812 945 346 943 70 340 973 153 771 118 12 717 785 531 591 675 175 822 488 601 39 26 110 555 951 231 908 
29 913 191 271 724 488 969 18 557 308 342 709 79 459 72 147 244 603 737 270 777 910 757 378 949 782 839 503 732 421 
12 562 333 953 832 56 792 800 425 348 460 766 408 
40 225 480 36 468 82 124 89 210 33 845 587 333 978 778 835 61 198 949 622 531 253 805 938 44 605 363 391 416 128 150 305 352 629 692 171 710 815 259 920 847 
5 858 180 432 635 366 
42 833 314 465 715 566 270 652 609 226 14 351 641 142 501 297 845 481 988 16 191 802 626 462 1000 433 671 531 864 658 897 708 490 562 172 556 480 441 207 440 18 221 143 
8 362 643 306 558 123 293 925 665 
46 551 478 446 335 149 976 550 806 224 257 647 138 781 202 617 573 408 408 591 980 550 600 693 544 906 251 667 550 175 683 996 77 161 441 411 661 768 961 466 992 569 464 129 349 17 97 
22 776 504 864 756 406 463 448 949 720 698 967 270 225 650 265 301 162 705 712 822 472 24 
39 815 592 454 295 941 470 391 214 245 247 77 1000 4 539 800 952 611 497 919 880 721 920 144 374 81 848 437 902 671 460 892 486 51 345 780 343 814 523 556 
10 121 984 410 124 875 561 427 485 57 697 
14 130 616 507 855 696 706 291 949 376 750 840 213 152 536 
45 495 701 219 402 111 691 738 872 166 612 432 592 96 840 289 811 321 904 317 175 952 374 465 900 749 214 92 314 718 627 658 564 328 876 965 438 566 54 309 731 665 92 674 112 931 
12 922 252 218 238 426 169 963 891 68 712 456 159 
27 173 138 34 736 465 261 53 254 178 106 562 260 771 653 933 234 935 247 156 186 816 745 612 984 708 854 403 
21 309 914 147 834 51 532 921 515 792 973 768 321 431 681 580 201 685 864 786 619 110 
41 157 925 686 120 260 393 973 663 515 633 576 661 466 978 192 387 492 335 711 611 655 141 643 586 693 679 449 479 649 911 419 805 187 456 924 447 200 896 461 714 881 
38 374 346 365 917 84 208 251 147 170 257 287 812 842 332 842 643 810 490 553 580 295 91 36 218 537 587 466 349 301 346 88 26 43 804 943 479 11 545 
25 532 802 263 695 995 594 536 637 755 26 541 335 672 632 722 889 520 308 706 221 608 51 308 986 446 
12 928 924 474 824 900 6 977 162 52 972 108 588 
10 862 965 853 548 636 836 269 876 355 929 
32 575 888 984 235 873 781 698 152 704 171 976 955 528 952 117 580 275 576 519 587 437 835 439 337 470 274 605 345 980 885 278 907 
25 614 141 997 394 838 501 450 360 476 404 240 779 872 819 54 447 689 992 236 523 430 572 344 55 528 
40 34 765 318 292 889 283 432 237 28 621 737 477 981 564 233 220 695 456 390 100 255 430 91 842 304 872 413 647 278 292 686 311 56 355 955 296 989 386 533 17 
9 621 845 691 537 429 910 231 885 651 
30 491 432 772 332 735 643 96 381 920 739 418 582 147 773 536 442 113 274 326 129 632 299 974 674 835 754 583 65 990 585 
46 480 16 517 163 750 511 610 482 430 701 899 363 847 23 251 640 136 524 318 264 507 616 589 180 450 343 114 866 332 50 963 164 65 831 326 166 341 288 647 122 988 897 484 186 920 86 
27 407 609 494 670 467 109 611 998 910 305 463 127 636 512 89 151 928 919 477 445 611 116 443 84 455 340 920 
42 611 5 168 17 966 662 38 432 770 1000 782 32 304 244 158 292 108 247 442 387 517 270 832 480 385 626 563 191 317 482 182 279 487 350 295 452 11 685 235 132 36 368 
13 340 964 673 631 71 271 72 809 787 342 992 618 78 
18 181 269 934 14 450 213 500 151 859 303 513 895 890 645 931 609 159 270 
22 831 252 642 101 675 803 240 368 794 857 446 763 389 66 697 403 867 261 254 18 471 909 
30 718 150 526 648 758 685 269 330 515 872 323 968 546 125 207 914 919 415 359 681 804 776 729 206 642 341 459 11 164 719 
41 881 868 66 880 626 102 148 955 969 371 629 936 916 754 494 829 24 908 539 56 711 666 137 268 308 477 79 318 992 797 210 872 17 628 103 642 729 250 948 697 972 
26 984 888 681 477 68 704 737 959 112 799 624 248 67 283 76 497 601 68 293 810 291 309 437 394 302 518 
45 249 566 967 177 550 854 857 378 273 913 114 583 24 265 207 271 331 489 346 827 441 765 471 603 56 132 391 449 433 908 443 34 826 761 562 375 966 770 104 239 682 570 821 705 834 
29 327 516 220 25 342 12 789 164 614 844 295 357 644 80 616 439 465 441 199 378 815 165 147 271 403 829 840 575 885 
23 306 564 188 525 588 881 536 728 396 502 924 43 210 567 122 825 5 938 266 556 315 432 720 
13 702 474 993 893 48 230 565 353 793 104 229 732 336 
17 811 732 970 734 774 179 653 247 3 657 184 620 212 850 52 283 662 
5 756 7 998 804 236 
14 508 380 370 89 111 705 205 921 788 526 7 561 704 659 
7 706 667 342 326 231 543 729 
13 557 833 269 563 182 424 798 96 283 529 817 371 639 
21 927 911 309 452 269 221 507 927 28 213 594 721 890 824 616 970 336 172 802 956 86 
36 379 235 783 14 763 599 384 753 119 663 15 779 466 284 1000 973 210 379 537 155 451 426 978 66 747 666 589 548 973 674 235 704 260 17 717 22 
15 452 774 86 114 789 216 932 424 215 904 633 945 440 788 396 
17 117 813 963 134 402 862 107 427 449 810 687 465 526 60 432 977 834 
19 443 974 84 374 397 651 629 381 947 420 520 694 988 637 507 302 122 260 163 
28 686 963 389 724 428 266 784 211 595 969 431 389 294 514 762 690 516 742 422 463 161 942 508 148 930 14 449 51 
25 963 631 663 926 19 386 705 637 521 267 231 489 697 619 782 562 732 823 78 473 245 892 633 538 399 
32 467 765 580 869 389 894 499 51 171 870 789 875 506 309 141 88 798 837 58 931 751 789 754 828 613 350 71 597 887 821 728 705 
35 659 573 326 552 72 728 723 293 868 949 798 177 442 237 326 630 294 256 380 434 361 207 46 710 629 642 948 450 369 652 386 379 577 63 282 
50 143 356 292 10 305 441 186 746 677 511 375 322 119 755 755 479 313 800 189 294 441 488 95 161 492 832 891 68 895 172 419 37 528 62 46 184 502 584 929 530 446 655 851 564 761 957 43 74 756 583 
19 548 70 813 60 913 644 950 332 538 473 750 926 352 163 324 535 664 907 463 
45 704 118 747 268 230 703 662 303 458 244 373 357 665 185 768 930 829 69 261 718 542 363 996 893 525 319 428 541 577 242 85 280 711 184 899 941 886 560 595 696 155 968 404 172 152 
22 101 332 240 713 50 781 75 45 26 952 715 805 492 291 46 928 922 109 111 821 49 997 
32 995 44 887 962 447 410 466 618 510 797 210 574 198 342 649 242 367 600 308 171 443 598 569 370 520 677 481 692 77 829 423 71 
22 661 385 670 70 850 640 931 998 849 505 196 190 505 789 557 456 97 79 898 46 999 267 
17 27 99 608 455 927 383 878 150 395 262 172 817 463 811 747 460 659 
3 7 848 459 
46 756 914 892 187 811 937 185 430 206 212 528 813 18 807 547 895 308 942 156 479 110 970 289 856 430 299 811 436 147 269 583 254 183 826 440 345 115 977 774 320 540 302 132 557 108 31 
2 415 324 
9 246 433 929 534 640 710 833 450 145 
31 71 80 584 605 905 376 949 19 352 75 338 891 376 822 447 835 204 250 601 527 209 198 959 137 732 598 846 916 400 342 598 
22 421 181 426 678 908 726 48 259 800 738 501 527 911 300 713 114 549 666 640 757 863 950 
45 946 899 442 213 298 136 810 119 908 343 896 585 250 622 633 861 773 370 361 652 280 660 364 745 561 381 736 669 244 685 266 541 583 707 754 233 842 563 703 750 905 599 686 507 572 
20 367 696 391 79 347 22 91 63 766 651 443 501 671 38 185 936 931 120 643 684 
2 836 598 
4 937 855 4 623 
11 575 644 79 271 35 157 969 56 599 31 822 
1 826 
22 272 863 859 207 793 978 201 828 681 37 426 734 973 280 90 947 992 664 591 70 286 625 
28 255 680 529 285 853 129 110 527 400 325 385 959 469 714 159 297 746 195 722 831 520 353 920 818 696 584 408 765 
19 384 694 123 416 574 760 268 703 869 146 454 545 882 412 14 947 571 310 692 
17 383 523 988 735 794 806 782 377 565 898 598 949 591 72 716 517 831 
35 219 52 481 24 596 362 436 961 309 358 270 352 826 652 226 166 738 20 971 519 748 535 416 345 835 359 769 902 875 951 237 445 354 69 468 
2 782 255 
12 442 964 532 794 142 535 19 307 625 38 629 143 
36 515 911 482 702 621 250 603 847 553 191 643 906 259 462 207 393 69 469 834 384 352 627 525 886 646 183 510 35 163 5 172 678 267 654 731 239 
5 685 85 807 876 727 
13 486 540 271 878 608 91 712 992 442 690 868 680 687 
3 541 722 565 
45 893 594 163 898 324 401 153 9 837 959 236 915 23 721 455 646 951 62 736 662 405 178 351 273 857 38 675 397 111 239 294 3 185 808 253 508 561 405 868 397 715 455 664 738 176 
18 383 478 531 470 139 936 647 841 560 855 230 234 604 340 824 249 695 8 
8 947 868 968 703 87 717 417 542 
30 506 69 849 888 546 379 710 36 666 708 876 225 915 458 458 518 149 634 118 843 993 525 141 860 845 843 299 561 260 192 
40 117 260 140 357 157 518 66 192 184 773 419 760 687 876 218 556 25 203 25 219 195 550 712 407 746 906 705 306 517 248 597 634 507 88 990 15 605 55 206 140 
27 976 900 514 852 469 421 228 671 446 798 217 347 509 623 92 415 679 749 931 926 697 564 784 784 553 798 740 
9 355 880 786 331 131 651 534 951 423 
11 621 868 910 189 214 419 164 657 185 842 757 
17 120 453 383 255 588 287 405 328 246 759 559 383 441 41 385 974 991 
7 86 963 675 996 151 240 766 
14 249 950 508 5 768 627 810 150 233 397 789 637 76 34 
48 634 416 188 674 800 162 664 606 599 626 632 594 129 224 359 442 472 660 949 476 780 927 285 281 160 34 69 148 109 102 895 743 869 83 768 20 596 784 978 194 761 609 140 889 832 850 331 655 
12 631 131 641 558 767 921 69 800 990 216 909 443 
11 3 312 545 770 683 492 905 660 37 666 621 
26 554 804 26 236 459 239 867 589 879 776 355 151 844 155 492 59 415 935 521 417 598 417 538 632 908 443 
42 945 108 912 472 13 715 849 249 173 87 115 113 317 890 468 468 85 974 311 495 740 245 16 156 194 784 45 826 692 487 469 988 946 380 811 959 446 660 559 619 98 25 
31 415 266 550 234 350 875 544 844 614 141 211 121 686 995 166 511 38 4 331 377 302 710 187 612 156 198 170 126 296 194 208 
10 459 110 295 160 984 838 3 950 978 566 
20 16 560 587 526 949 591 857 325 244 918 511 855 425 709 24 902 356 569 110 417 
27 219 711 538 554 900 540 503 230 105 925 245 16 511 770 964 453 978 288 696 248 151 550 24 211 925 926 566 
43 387 982 871 605 44 408 510 943 300 13 172 404 289 416 772 799 538 87 604 867 727 651 466 877 201 490 87 477 415 4 970 801 985 840 757 380 600 266 322 899 630 494 654 
18 909 425 69 798 512 672 665 238 322 130 466 874 971 904 351 385 907 672 
37 243 511 645 622 462 263 943 360 892 788 14 162 49 790 230 846 653 901 862 242 574 992 707 800 962 962 150 699 868 821 587 462 683 584 83 145 846 
28 856 737 165 869 898 213 659 479 411 663 731 272 905 305 615 963 456 929 925 605 979 792 777 917 254 811 500 688 
5 345 65 163 434 582 
31 683 146 41 162 556 704 892 180 608 548 146 570 3 74 494 959 404 638 87 321 243 898 172 930 204 517 347 366 302 928 397 
34 425 789 497 981 492 741 512 451 288 657 373 643 83 218 953 838 855 40 510 97 937 682 379 492 198 77 858 851 4 606 834 780 394 683 
12 238 423 623 40 62 632 412 704 66 630 657 903 
36 696 413 285 984 94 663 475 643 739 684 493 94 289 678 873 35 712 985 624 134 959 663 196 590 75 251 655 56 907 910 891 954 322 175 289 767 
39 116 761 279 799 605 372 88 634 597 474 346 933 97 831 243 759 26 833 185 277 839 592 535 100 483 841 773 9 129 891 198 596 651 476 395 255 200 834 241 
48 307 586 432 755 416 674 865 794 858 402 422 49 993 956 148 475 148 921 836 629 811 33 224 814 860 618 420 411 451 660 558 109 597 989 863 365 663 80 158 520 481 931 568 473 238 68 300 386 
40 135 14 502 519 589 315 378 559 735 789 361 746 698 470 343 687 684 59 701 763 568 572 243 498 492 68 735 559 367 120 898 501 485 399 19 74 66 748 984 152 
36 344 897 234 813 591 272 849 1 972 963 568 895 206 65 386 625 800 296 991 271 545 491 756 296 861 181 361 960 164 512 848 859 760 81 672 703 
4 872 55 27 834 
23 921 391 687 659 15 838 954 5 109 499 847 216 794 59 396 506 19 911 369 866 769 128 298 
42 182 353 15 237 379 849 211 651 591 249 309 606 87 615 962 195 113 161 410 258 571 157 763 941 419 131 158 539 610 455 683 144 159 697 732 889 897 942 540 488 190 200 
45 276 166 758 822 630 918 583 887 841 91 649 781 861 131 939 400 741 745 82 884 904 130 615 792 27 908 683 514 97 235 310 725 400 67 546 30 337 481 916 177 571 917 309 432 47 
49 831 139 344 264 22 599 745 988 390 771 895 425 636 344 659 297 68 58 364 965 87 52 445 355 228 16 271 888 799 669 487 981 808 182 596 829 780 340 169 521 463 415 945 98 758 603 395 177 661 
10 142 99 161 938 453 740 305 723 627 103 
42 465 83 199 646 678 379 777 370 899 298 832 314 242 929 71 845 675 600 857 784 93 955 944 30 408 35 687 482 662 789 873 126 224 423 124 253 154 900 622 52 197 453 
15 791 734 788 987 760 739 843 544 831 149 839 212 908 874 898 
40 887 39 614 364 614 37 839 866 542 739 840 593 287 292 310 77 377 97 415 137 835 609 32 17 758 870 228 665 95 478 54 333 516 20 697 129 408 535 346 949 
25 185 541 264 829 850 692 205 298 107 693 484 715 724 500 472 946 728 489 392 205 894 725 72 913 773 
50 320 659 897 268 284 82 161 547 262 362 590 818 660 696 511 143 411 586 643 234 531 722 74 923 278 968 999 349 880 771 900 552 429 796 819 64 229 331 962 490 693 552 308 352 247 170 846 9 755 840 
45 286 561 668 560 838 635 558 538 867 328 437 418 108 233 236 172 461 919 133 303 611 36 962 962 635 131 159 643 885 999 237 522 559 905 81 749 891 638 286 757 317 723 174 425 307 
12 948 119 680 432 421 290 468 382 603 102 864 113 
46 749 111 333 270 22 589 351 770 479 340 407 588 657 481 761 433 787 874 380 258 905 163 30 194 630 764 148 83 627 261 179 375 723 863 997 744 451 699 513 281 38 272 220 46 752 981 
30 891 206 209 148 111 372 529 656 353 292 156 436 919 416 966 645 138 828 641 882 630 339 746 262 729 369 482 774 121 462 
4 363 19 164 862 
29 887 390 137 592 682 292 379 952 707 344 948 196 523 589 429 152 279 527 413 359 895 894 485 367 707 440 729 726 603 
40 206 842 332 342 433 13 633 163 316 691 506 263 887 28 203 667 531 834 193 943 192 440 837 676 806 895 115 887 620 70 476 178 911 159 519 695 171 504 857 838 
44 714 101 80 93 655 747 623 488 291 565 680 730 753 355 888 1000 822 774 971 891 601 148 153 760 19 847 282 522 55 120 715 768 572 147 860 226 245 834 66 535 750 745 617 503 
1 504 
4 272 277 824 514 
27 324 666 636 342 512 918 863 566 389 929 685 960 75 896 537 319 729 602 206 479 698 822 333 149 325 186 772 
3 361 286 829 
34 303 817 25 167 734 239 732 474 168 769 785 594 664 321 913 393 275 470 223 972 291 555 472 967 740 596 919 452 881 99 136 535 915 160 
1 1000 
1 785 
23 918 553 257 863 568 930 775 960 204 596 182 175 886 88 999 204 179 594 122 631 474 573 766 
10 487 277 61 487 27 845 311 296 397 568 
9 964 497 285 276 52 881 809 226 118 
47 224 322 75 817 795 57 642 367 822 354 206 451 414 692 829 610 354 477 358 921 635 673 769 271 948 820 503 109 398 973 357 973 294 783 142 440 840 135 159 13 488 364 463 253 407 292 862 
10 768 219 33 754 892 801 376 191 973 879 
49 722 203 655 694 496 438 187 287 629 322 797 641 161 160 456 414 918 747 275 30 866 494 62 971 385 214 346 575 186 576 226 907 778 880 953 625 669 139 264 649 812 60 290 973 572 745 386 489 843 
10 518 60 505 931 30 241 145 727 816 682 
5 41 941 784 272 245 
11 293 383 24 941 547 435 582 519 6 678 904 
47 520 915 716 931 420 647 960 660 143 39 827 824 693 219 116 828 843 360 588 487 95 963 427 641 398 361 159 755 38 414 601 910 328 669 840 99 315 152 111 809 190 289 984 234 860 100 413 
2 459 1 
38 905 315 966 545 64 678 55 819 716 468 771 977 148 439 168 598 105 319 708 913 860 349 897 445 208 348 858 261 158 210 448 63 876 765 607 940 443 662 
8 510 481 880 838 628 319 5 226 
25 676 285 688 887 985 936 332 192 283 541 452 440 102 251 854 977 368 461 916 810 474 25 671 954 905 
8 934 575 864 511 349 539 795 388 
26 132 675 109 323 309 649 127 101 102 729 954 78 96 766 346 257 591 722 927 545 978 786 830 904 650 340 
5 188 486 344 965 617 
19 73 940 679 73 418 779 174 146 85 604 242 202 301 498 793 22 777 689 352 
12 518 255 211 857 859 751 342 555 715 959 925 788 
50 603 860 667 734 386 812 170 989 53 371 289 903 163 662 679 203 365 592 720 620 803 576 830 905 270 384 619 228 308 758 477 263 970 143 996 707 306 165 695 359 887 335 613 402 348 291 604 713 234 324 
34 388 251 865 292 520 249 263 747 908 372 575 522 341 69 517 399 375 33 445 85 272 779 697 673 479 339 276 543 572 951 226 960 202 90 
3 721 690 865 
20 950 589 746 471 929 815 340 328 541 724 772 977 995 903 25 19 733 363 295 627 
36 597 852 597 798 293 552 871 335 768 690 636 356 787 458 285 601 149 964 493 873 87 469 219 341 493 238 425 207 884 51 845 480 254 793 630 899 
44 500 233 112 541 220 467 327 677 103 280 178 418 772 50 857 241 620 197 85 209 974 292 92 24 488 924 278 280 553 176 624 52 760 87 592 331 553 270 7 8 549 184 425 321 
35 281 913 557 830 349 765 803 992 209 178 479 132 455 759 36 982 734 439 93 820 30 423 724 651 782 731 200 965 508 872 902 788 136 810 969 
34 574 771 828 782 949 306 265 755 416 300 89 501 738 181 320 119 604 396 122 385 478 321 701 985 544 954 773 679 763 741 514 337 864 341 
20 164 999 87 918 414 738 6 915 476 539 586 946 142 333 419 526 811 739 578 795 
34 532 567 312 294 660 178 982 875 518 452 38 868 538 307 282 275 665 548 102 203 133 400 344 466 818 221 276 909 798 422 542 329 989 206 
25 1000 735 956 874 252 759 911 120 648 569 753 275 233 300 728 435 784 479 778 601 649 350 228 557 148 
50 450 828 990 7 802 989 741 110 214 345 868 476 816 868 44 920 142 277 219 869 711 354 348 841 307 996 190 534 904 689 535 705 869 524 64 22 864 804 131 429 500 351 904 315 218 300 234 711 576 804 
31 638 510 630 478 816 977 20 701 232 60 236 937 928 111 1000 950 327 155 80 755 655 782 11 321 351 310 555 413 237 710 344 
24 219 973 704 386 302 723 87 533 134 322 469 62 784 820 11 462 975 442 217 981 576 579 301 926 
40 207 691 476 917 34 349 487 358 52 873 659 126 959 192 260 632 12 673 767 184 683 229 510 476 797 490 51 375 790 329 614 349 19 89 265 404 789 103 761 193 
25 420 670 285 963 929 268 326 953 35 509 635 263 18 463 59 507 865 433 649 193 398 349 563 838 965 
16 626 67 727 170 394 498 840 678 812 120 946 137 73 980 998 59 
42 15 521 652 874 386 84 874 930 833 222 493 670 186 458 647 252 536 817 997 385 8 675 196 127 972 685 551 303 682 610 896 48 482 547 921 867 982 794 797 814 367 641 
33 904 450 481 156 986 297 504 722 656 178 270 783 501 954 333 803 987 294 698 34 776 244 307 994 225 452 142 38 819 782 872 722 232 
5 229 569 353 733 290 
9 262 911 143 763 216 475 917 202 121 
15 588 896 210 894 889 435 345 383 824 515 164 48 237 747 752 
17 315 104 901 957 464 163 219 606 277 435 433 545 988 553 159 575 800 
19 820 40 155 165 422 330 31 586 729 619 332 832 436 999 288 688 307 751 202 
25 357 478 959 789 23 299 693 533 873 492 253 693 883 759 209 305 441 239 242 169 210 925 1 997 275 
40 684 581 390 886 458 98 715 768 238 89 66 930 622 939 773 226 983 656 985 191 312 425 781 553 945 990 829 297 986 104 936 670 684 326 907 493 423 621 261 661 
10 326 942 683 264 67 908 246 74 892 788 
35 668 569 289 613 910 117 909 248 572 845 269 608 522 175 100 944 795 360 956 856 686 250 538 949 316 446 547 389 337 686 773 357 606 413 321 
16 881 229 763 453 425 383 60 946 557 511 242 703 871 549 559 556 
48 96 856 113 541 754 501 230 440 625 586 45 37 906 912 270 486 26 722 263 408 133 208 964 643 801 19 513 350 577 420 147 672 628 612 213 381 112 794 172 737 379 217 125 636 128 394 473 506 
17 735 913 599 943 229 594 95 247 106 444 823 878 943 494 505 554 58 
37 665 851 409 753 581 625 230 216 104 975 41 609 442 775 874 392 69 102 985 164 348 443 959 522 320 901 367 176 454 425 412 471 627 820 575 208 796 
6 775 900 131 815 860 924 
42 733 315 10 186 652 525 885 94 484 406 765 384 773 940 190 549 351 660 527 523 586 734 318 742 861 569 872 27 429 795 968 513 461 330 699 112 854 583 205 337 989 321 
23 113 260 262 13 963 273 891 485 858 625 154 951 837 723 174 215 151 320 535 663 781 864 361 
42 69 296 449 406 636 121 830 100 381 91 112 695 715 2 531 572 978 684 875 166 406 48 733 908 368 267 571 500 482 283 743 550 578 543 307 565 664 136 664 396 226 127 
40 292 481 972 216 810 655 90 976 413 137 708 320 856 326 242 355 807 525 98 356 454 640 663 371 655 150 34 50 728 161 491 19 641 462 234 450 117 323 777 529 
12 836 848 667 161 442 374 967 318 823 675 771 462 
39 141 117 838 527 518 565 687 9 584 679 470 817 480 938 492 609 466 303 444 666 321 605 107 46 923 424 868 949 546 682 637 39 150 475 565 667 391 603 675 
26 633 497 143 112 434 986 720 900 640 516 917 312 472 375 358 394 150 225 695 47 258 331 85 407 157 1 
24 548 955 100 873 587 596 367 51 382 704 770 633 343 285 549 655 756 275 364 502 424 940 196 470 
48 878 907 604 35 259 29 934 214 481 158 152 428 525 202 809 228 972 441 923 608 341 929 716 615 292 217 390 231 764 212 780 641 470 736 27 728 116 960 941 596 118 93 376 994 294 184 573 617 
27 495 577 669 423 292 284 66 860 25 649 623 236 428 615 705 163 642 433 279 601 725 226 70 169 601 63 815 
37 636 783 465 482 359 133 257 650 416 322 861 793 970 483 28 398 98 85 560 91 869 190 691 593 416 113 114 16 175 280 504 810 62 968 644 773 101 
50 774 868 221 635 660 543 117 688 940 566 124 851 656 992 393 699 936 808 811 49 175 337 680 679 499 742 998 142 866 98 41 639 318 261 273 977 803 742 16 94 307 139 297 315 130 689 365 66 848 527 
16 22 863 146 52 361 239 50 502 104 499 894 742 816 507 367 793 
9 108 160 755 766 299 403 80 780 91 
46 197 290 322 663 311 537 808 715 249 398 116 751 501 614 996 594 782 502 960 926 163 67 85 917 833 735 671 264 515 113 60 711 402 733 373 712 269 532 778 518 281 893 620 781 507 967 
25 288 469 686 213 631 753 649 899 937 384 569 552 898 681 611 960 434 696 685 145 316 568 275 185 849 
17 156 981 25 123 355 664 591 393 228 573 145 877 471 433 260 391 984 
9 423 947 468 856 642 152 352 309 720 
26 494 920 145 1 900 169 123 607 833 65 999 60 989 495 288 811 927 547 201 910 407 975 208 875 830 849 
28 534 510 449 511 355 368 655 355 268 824 830 226 8 894 224 67 235 70 355 45 996 253 246 257 660 572 465 886 
4 665 263 287 174 
12 797 880 431 452 235 50 627 64 275 634 309 850 
2 543 919 
6 588 266 11 185 523 670 
6 339 907 509 355 169 147 
31 232 296 760 663 747 994 64 725 409 339 358 718 540 409 260 459 167 199 724 529 383 598 550 491 936 456 351 291 624 850 171 
8 145 930 870 243 276 933 967 684 
23 324 753 515 84 13 973 250 563 48 778 298 646 679 140 933 134 842 575 758 691 97 965 835 
29 186 429 654 470 395 689 445 70 442 959 154 806 283 755 368 330 885 17 327 563 156 612 697 998 186 806 688 283 122 
25 13 659 655 666 128 50 706 924 119 147 882 624 952 164 731 672 846 967 688 172 529 196 783 577 193 
21 734 232 955 207 458 967 865 113 984 345 514 689 268 984 836 150 608 139 665 690 810 
10 656 850 34 536 45 168 465 589 488 550 
22 442 757 630 408 621 94 743 965 607 432 585 942 619 734 549 757 750 590 919 612 597 768 
45 133 164 812 949 752 652 498 923 93 254 904 853 875 349 595 191 955 378 775 897 996 860 797 753 962 739 671 573 335 790 569 467 953 380 767 704 31 265 978 476 518 882 680 744 582 
24 935 889 652 61 137 999 273 285 751 234 23 773 806 358 562 374 176 866 105 943 921 488 207 899 
13 76 132 642 820 713 267 106 601 270 518 737 269 790 
22 371 375 396 496 180 753 409 905 281 275 362 575 195 849 133 445 163 208 576 156 379 641 
24 836 593 44 354 330 664 495 703 386 870 98 233 401 203 642 658 835 268 19 409 814 219 541 611 
31 100 538 536 479 178 661 666 771 704 19 452 719 866 506 457 735 955 689 135 509 682 792 343 301 162 751 467 380 643 77 760 
43 614 647 573 144 308 238 266 363 609 69 434 474 574 890 208 880 578 694 389 260 838 731 912 999 834 378 731 476 806 842 570 772 489 142 915 148 732 532 862 340 600 295 813 
25 184 372 404 114 65 144 725 254 875 636 605 708 366 335 535 171 176 105 942 16 598 208 515 329 739 
29 668 338 23 832 214 559 203 618 24 620 113 748 225 987 735 829 46 100 515 933 623 43 389 564 410 986 772 925 667 
10 653 334 200 27 518 413 937 720 382 960 
41 495 59 916 833 794 744 231 245 259 163 867 653 551 431 62 536 554 986 202 63 990 888 614 369 405 27 305 476 760 265 167 606 675 82 439 468 177 669 713 787 183 
29 439 733 361 501 620 914 838 174 977 180 413 942 548 169 968 852 644 80 468 162 685 143 595 475 962 772 495 674 558 
27 605 349 409 965 201 381 879 38 554 207 217 966 148 116 134 468 320 129 899 139 291 583 633 885 410 595 8 
4 620 918 581 224 
16 341 541 466 721 771 855 626 977 424 591 476 539 76 943 858 205 
41 997 847 776 629 83 185 575 443 440 195 360 372 770 977 65 310 794 785 80 648 763 408 423 353 884 962 781 178 171 337 371 519 535 498 500 617 34 74 59 473 620 
20 845 390 746 261 51 891 45 131 891 159 890 313 864 773 626 644 303 797 980 25 
17 866 522 518 482 555 592 893 379 563 14 575 304 112 835 355 2 232 
37 892 390 726 205 253 851 182 248 153 978 579 529 997 444 50 514 278 956 457 170 334 20 535 909 675 646 743 29 648 974 865 891 716 943 95 968 793 
27 216 297 606 146 825 954 590 874 468 867 829 276 388 514 647 922 422 322 568 517 702 215 842 567 105 557 509 
2 877 301 
30 444 949 137 589 773 91 178 998 910 44 178 537 431 691 184 353 465 857 272 981 558 838 174 476 294 731 984 845 959 636 
26 402 936 865 342 708 307 520 705 568 915 234 104 698 925 639 402 389 847 673 721 405 510 894 880 803 976 
16 1000 934 203 375 335 139 239 677 198 897 548 255 464 462 488 568 
11 412 558 912 152 405 584 872 809 445 766 40 
48 741 607 247 27 810 973 361 300 564 389 497 460 288 751 276 102 239 843 612 2 752 876 154 156 459 25 316 256 142 708 503 235 314 101 261 123 425 973 774 340 362 271 152 1 21 427 102 611 
21 66 613 372 941 766 528 751 142 195 6 284 902 860 518 216 312 130 690 737 102 464 
26 815 86 579 816 106 5 269 69 625 334 681 997 626 798 876 377 939 70 734 574 324 594 443 539 257 572 
30 993 674 43 421 488 128 999 303 586 356 924 654 980 257 686 328 235 483 555 963 773 977 696 347 300 641 141 190 898 713 
19 242 386 812 662 225 291 13 880 228 368 803 233 699 411 918 27 645 752 933 
9 877 909 655 223 208 647 715 397 896 
27 166 138 164 329 151 389 971 515 268 199 234 422 431 933 832 701 311 829 452 243 787 328 152 793 902 711 792 
19 460 687 395 977 176 911 305 679 299 275 193 918 825 779 691 256 711 522 956 
21 350 759 263 489 439 766 281 692 477 72 660 936 111 407 264 638 317 568 316 967 194 
11 884 19 639 574 626 349 447 933 721 149 43 
33 637 481 749 269 173 577 693 184 864 155 590 127 792 906 46 460 872 239 320 107 609 310 32 586 10 479 518 730 979 561 712 967 393 
12 235 917 740 279 101 603 433 42 729 225 300 774 
34 171 365 355 630 973 664 661 911 673 491 780 754 821 692 817 787 85 629 374 353 368 652 805 323 437 847 51 13 146 825 48 668 189 402 
49 513 417 662 775 441 504 555 194 325 246 10 111 682 990 836 35 710 488 839 32 276 685 82 288 182 258 335 202 798 88 850 663 856 511 437 296 15 991 841 691 589 202 801 270 192 637 656 253 476 
45 636 751 531 717 390 65 327 76 266 476 163 115 138 18 978 927 665 344 269 857 34 857 58 186 479 601 174 134 205 1 980 840 751 511 909 492 575 235 567 192 710 729 306 200 98 
35 126 114 978 394 970 363 251 380 549 81 332 74 566 537 75 546 376 177 56 284 669 982 870 235 173 932 316 830 131 765 817 256 879 146 1 
50 509 603 931 409 683 263 482 249 151 556 794 526 85 201 162 753 534 31 987 706 314 654 887 444 419 703 51 649 849 52 200 709 654 131 117 689 745 950 937 895 858 82 772 942 634 285 694 167 668 32 
24 981 686 110 425 456 165 827 104 365 878 303 73 884 785 541 572 881 490 860 775 699 293 899 640 
26 535 333 444 202 717 667 183 754 128 959 209 644 137 664 8 15 318 432 250 103 324 821 335 166 32 110 
14 324 360 504 601 894 188 44 448 904 62 982 9 541 292 
19 185 428 232 544 442 902 976 43 356 299 863 690 464 246 151 680 921 510 183 
23 756 722 268 555 978 329 536 986 222 827 555 406 254 138 301 48 39 628 90 394 927 305 84 
42 902 234 773 823 96 955 695 203 677 963 757 654 643 292 991 864 470 545 621 75 683 922 474 73 549 564 467 827 220 902 921 121 135 693 295 582 648 342 784 676 304 540 
31 298 183 671 162 4 568 134 79 602 55 552 674 604 467 140 430 38 41 702 159 528 395 805 109 394 146 245 421 801 136 101 
49 671 123 612 674 690 745 104 291 800 656 965 755 474 456 536 512 849 238 670 728 632 826 188 377 972 432 797 772 920 897 222 590 19 185 263 61 930 367 703 81 374 19 835 847 827 370 358 675 959 
29 754 942 205 941 318 528 725 114 651 644 362 873 585 381 57 847 793 338 565 495 418 938 514 604 137 340 326 494 366 
34 225 119 226 781 411 895 308 487 9 310 130 370 182 714 102 591 913 246 280 477 741 50 767 606 653 903 297 330 748 662 614 972 132 191 
2 894 437 
11 381 445 721 862 167 254 928 268 196 192 514 
26 668 606 525 786 563 529 688 859 859 436 872 824 759 355 366 863 248 802 273 980 599 345 194 765 599 121 
34 146 312 249 621 331 854 497 117 416 378 156 626 236 943 497 411 54 203 776 916 451 577 540 782 175 885 975 291 835 95 675 980 758 923 
3 441 777 449 
7 544 826 64 522 413 359 18 
23 412 573 950 679 375 527 218 156 53 454 131 344 288 577 370 620 687 292 572 127 420 372 35 
16 550 450 837 962 808 206 137 219 778 86 249 152 964 467 308 369 
20 790 64 560 718 433 179 404 724 102 882 144 473 916 459 22 366 295 336 525 500 
22 96 630 909 344 781 873 810 440 593 82 229 656 993 299 88 523 54 811 624 936 954 96 
3 764 470 568 
10 805 93 262 628 540 891 536 883 23 760 
45 463 352 478 43 7 470 341 94 344 395 257 967 682 562 414 884 326 235 804 87 39 248 348 18 787 590 906 669 613 665 713 75 369 542 469 727 363 810 173 706 556 429 24 237 990 
38 472 667 672 275 754 63 522 453 432 308 43 337 329 7 354 41 433 722 935 901 448 297 62 620 3 617 400 26 205 390 815 677 56 839 951 161 901 825 
14 332 132 8 21 460 14 374 853 798 95 787 698 894 83 
10 866 437 728 265 463 285 6 277 313 414 
15 263 926 367 87 891 51 571 898 71 30 263 444 234 60 890 
20 110 135 455 869 352 891 948 969 705 584 974 334 896 739 800 511 665 167 949 555 
19 519 805 639 901 67 434 134 479 675 506 588 809 312 808 161 554 107 129 259 
41 454 944 586 545 743 448 209 909 397 115 477 915 271 467 167 338 900 653 168 574 510 107 735 821 914 247 374 372 727 984 62 180 927 1000 76 670 447 636 930 195 751 
9 110 21 577 628 710 477 280 229 402 
39 335 488 961 600 734 687 972 460 670 385 992 949 736 67 970 183 703 899 729 805 9 838 177 586 818 239 414 97 467 167 238 802 655 198 753 388 884 724 200 
6 461 543 854 196 609 823 
30 663 73 459 819 82 648 996 667 465 234 80 914 52 246 151 853 252 700 958 992 584 681 191 489 141 733 694 337 693 516 
16 356 940 876 174 21 524 521 687 988 754 118 901 158 364 403 10 
17 103 319 958 686 1000 148 526 492 232 571 180 925 438 598 632 377 473 
7 398 996 678 436 984 783 554 
36 940 269 639 302 235 741 620 193 778 971 692 655 463 924 225 642 200 662 239 831 38 712 987 787 59 16 223 394 151 128 630 90 748 620 743 982 
12 363 526 489 333 218 495 147 493 719 141 692 732 
31 874 121 794 212 908 853 228 482 246 378 961 227 819 708 846 562 41 557 276 567 397 960 136 891 107 628 961 599 671 692 329 
46 813 123 107 72 975 686 553 572 415 513 799 234 572 996 147 612 905 422 178 301 381 665 544 839 644 504 437 314 196 766 209 360 888 668 431 214 353 335 785 768 199 583 353 770 931 499 
31 835 920 911 487 652 575 30 843 219 886 631 884 433 748 445 792 987 112 574 200 816 908 985 583 106 919 935 875 849 785 607 
35 56 869 522 708 444 903 902 14 788 532 249 220 632 693 363 618 156 936 818 324 843 154 258 300 424 193 174 625 329 133 659 385 1 532 444 
46 435 345 809 574 228 410 794 859 454 508 477 962 444 646 285 638 151 542 938 574 86 463 198 415 947 209 799 948 740 242 743 174 938 904 748 517 665 893 728 118 752 556 79 195 201 715 
35 351 257 122 276 342 936 474 108 883 682 906 830 773 499 924 947 788 179 46 657 843 290 384 961 41 939 391 588 491 106 772 193 362 245 468 
5 180 293 163 62 326 
20 243 99 271 167 397 410 345 794 66 540 83 449 852 475 387 242 62 229 699 185 
21 60 429 889 467 961 533 981 22 859 400 265 309 22 783 705 432 479 498 497 18 932 
46 869 758 684 111 172 913 161 356 685 573 137 925 39 97 458 19 470 668 770 734 976 792 868 32 575 347 881 71 364 812 368 233 921 404 695 92 668 855 800 704 427 288 629 817 384 86 
37 205 753 957 291 80 100 158 111 26 504 991 448 868 154 816 452 74 571 498 518 590 704 317 293 483 604 921 299 339 358 838 543 462 146 833 541 245 
43 3 622 846 993 69 65 146 884 868 572 806 365 89 395 421 757 40 903 712 960 553 50 670 390 944 131 535 129 24 131 471 26 752 668 19 821 733 516 56 600 439 214 317 
27 960 737 283 999 991 994 311 543 395 980 285 691 462 171 819 485 654 641 863 757 308 233 577 40 100 985 992 
39 550 660 65 509 396 700 508 738 45 170 632 440 149 916 482 962 439 300 799 92 292 661 848 599 893 777 991 344 113 334 882 662 993 299 170 388 998 29 477 
42 198 108 833 698 376 314 660 814 965 458 257 256 470 104 207 714 232 197 57 344 530 939 5 522 237 527 261 234 555 737 627 753 196 812 802 571 477 461 384 442 270 992 
49 739 448 255 452 679 803 509 375 684 447 379 557 35 257 169 268 812 905 246 916 101 409 717 23 886 530 759 679 799 750 79 538 197 686 989 228 488 849 602 524 647 980 80 681 589 601 300 400 505 
46 667 957 306 383 332 191 912 90 221 711 839 300 600 388 985 940 615 824 789 216 699 435 547 131 116 135 731 767 534 587 664 200 544 970 935 875 512 198 316 733 908 154 384 859 541 720 
49 507 543 587 722 594 373 269 724 840 403 454 607 289 392 270 840 935 239 774 161 103 972 828 835 231 982 218 90 874 937 240 381 831 826 102 776 550 722 499 390 125 304 348 765 696 617 604 982 208 
28 495 310 701 322 496 283 655 713 372 881 1 611 261 183 788 714 959 690 788 809 79 264 465 778 28 160 394 631 
43 953 8 987 614 60 661 109 343 667 173 66 547 525 29 159 708 168 225 18 857 12 178 287 275 642 64 302 153 810 932 646 762 292 984 376 703 996 484 45 663 9 111 209 
33 491 368 592 658 592 609 515 955 139 801 229 780 865 882 933 26 165 930 787 456 913 514 159 261 350 555 923 358 17 483 242 507 850 
34 165 793 794 679 99 932 831 327 712 47 560 996 72 725 925 211 180 189 76 690 449 425 597 371 134 613 206 728 120 55 561 284 200 354 
14 650 286 144 977 349 191 888 344 614 612 268 824 144 456 
2 185 257 
26 781 979 162 394 184 889 865 591 801 500 790 154 813 439 791 308 767 139 850 7 482 464 618 749 639 761 
7 890 298 813 918 78 791 431 
23 975 671 687 565 471 186 706 624 350 496 767 10 615 905 859 621 387 322 590 487 313 703 395 
4 1000 207 471 429 
50 901 252 676 923 290 592 393 828 649 369 177 144 135 186 110 39 397 730 777 70 672 264 382 374 10 936 373 217 758 801 918 11 404 945 933 694 536 326 521 184 46 49 679 180 587 141 570 335 222 699 
4 893 314 138 266 
23 73 990 891 830 143 808 192 546 752 125 591 639 450 463 174 847 864 853 26 802 993 947 136 
14 645 539 459 958 676 724 633 100 66 523 282 208 331 473 
3 434 949 696 
23 398 158 598 596 21 450 973 822 794 920 309 360 916 848 818 226 875 893 858 327 958 380 960 
15 62 432 270 496 381 965 920 130 474 869 726 495 671 698 668 
14 969 329 175 885 528 344 462 402 237 319 80 546 50 39 
11 112 823 332 959 555 648 230 684 121 98 761 
17 768 811 987 584 131 315 110 367 842 454 828 595 42 146 27 587 196 
15 649 659 887 332 617 441 979 198 477 452 295 589 418 415 751 
6 998 882 70 459 248 263 
12 76 858 305 573 236 244 120 300 892 778 539 576 
44 331 554 943 159 5 238 748 775 4 498 530 1 379 952 459 979 214 723 54 423 379 978 658 622 98 310 514 875 848 441 621 178 994 563 689 351 152 436 477 155 285 358 507 16 
9 318 994 875 40 47 297 418 24 307 
40 473 616 905 348 815 345 968 344 690 882 32 392 34 467 220 188 104 578 695 119 238 12 112 112 403 510 761 172 885 419 211 358 34 467 705 200 163 24 543 205 
5 927 948 290 393 168 
28 496 97 524 614 334 535 77 446 937 586 558 108 471 976 671 828 361 489 884 560 4 259 454 208 163 380 507 453 
25 674 282 972 770 805 938 456 339 14 901 627 600 810 86 422 785 108 601 497 949 484 408 952 742 861 
11 256 241 17 60 717 43 341 688 164 497 625 
19 187 991 519 813 590 680 251 363 816 710 963 312 658 798 719 961 539 932 471 
46 524 840 206 240 882 898 279 45 395 904 664 581 894 534 746 835 566 348 549 381 409 511 693 67 308 763 379 198 46 202 695 569 41 252 808 274 150 439 670 896 342 685 828 587 219 925 
23 136 624 321 516 33 183 560 451 490 675 829 39 720 30 733 289 70 985 448 695 486 886 365 
31 579 49 560 517 619 485 641 754 108 961 622 492 495 181 942 984 855 771 374 575 800 107 215 222 443 14 916 928 900 632 660 
30 681 219 347 651 703 987 757 163 300 378 654 794 558 596 130 765 718 503 691 869 961 905 90 403 270 358 330 169 341 989 
1 373 
10 697 24 262 35 780 776 686 157 782 832 
16 729 961 830 446 815 872 314 776 128 756 530 398 465 860 918 805 
50 268 178 759 964 553 373 351 684 500 388 192 281 219 257 9 179 439 806 346 310 472 121 438 579 650 187 43 861 104 199 413 372 728 171 687 632 895 389 315 395 777 506 675 995 115 36 526 553 193 871 
14 664 991 3 242 992 189 636 853 293 187 617 16 914 139 
2 898 34 
41 212 780 867 70 806 861 184 841 738 88 34 608 301 49 598 656 643 942 844 278 146 488 816 762 503 730 900 205 979 285 647 190 64 865 611 870 77 146 62 815 233 
47 422 886 496 20 541 138 313 736 767 458 224 583 219 78 664 470 634 642 755 280 183 818 144 146 687 573 291 101 387 524 547 808 761 394 179 301 883 491 388 2 948 611 584 518 41 599 988 
24 592 742 306 126 911 801 271 950 373 562 50 759 437 596 567 197 342 97 849 224 940 236 225 887 
49 160 757 239 758 744 912 701 837 217 827 747 18 449 696 742 362 745 501 798 693 419 346 34 867 194 609 806 782 834 45 980 993 801 570 103 896 833 155 732 402 333 830 771 782 526 512 143 622 12 
43 314 782 638 699 649 184 308 454 965 493 498 296 837 650 865 291 545 697 446 276 450 130 106 220 911 983 732 406 604 95 698 270 877 687 320 877 870 979 330 186 471 180 481 
10 829 697 950 726 746 395 1 195 525 458 
15 787 792 498 544 748 944 593 17 820 280 688 48 501 667 378 
39 489 909 519 148 89 568 98 814 313 844 167 859 720 624 625 507 768 474 402 515 418 995 883 589 626 570 637 126 236 366 516 77 274 35 224 362 954 321 176 
18 165 342 476 236 317 453 94 436 926 496 950 343 490 184 284 115 754 920 
42 341 285 108 417 910 494 641 623 799 313 150 416 829 843 243 65 160 695 158 947 973 653 897 315 494 80 598 960 185 869 552 878 505 11 294 414 856 286 37 654 599 186 
19 779 381 311 843 540 358 353 838 330 5 734 996 851 166 946 810 702 814 713 
29 319 723 873 84 578 510 472 583 460 10 651 239 390 314 81 281 671 785 118 1000 790 852 347 992 369 292 801 70 458 
14 1 776 588 225 211 518 734 683 100 194 692 103 432 81 
16 864 361 86 649 830 437 790 33 135 781 401 427 933 823 884 798 
23 11 386 47 573 255 132 255 354 325 298 456 108 730 223 972 442 660 972 272 448 761 304 583 
43 705 9 825 879 244 623 53 606 360 451 178 614 582 785 319 259 82 127 366 812 349 689 605 9 660 876 808 772 180 390 16 236 750 841 114 993 815 166 950 526 968 480 491 
49 264 809 807 697 287 525 860 988 213 465 996 225 340 803 996 519 545 12 754 294 204 219 287 370 736 588 247 703 67 737 604 682 897 410 379 536 286 238 523 499 54 870 723 394 24 70 264 568 433 
20 862 988 588 500 357 676 87 955 378 506 691 333 187 940 95 565 475 380 155 997 
28 208 866 952 953 241 22 217 809 454 938 670 794 525 521 502 200 607 457 930 464 499 262 651 438 708 567 264 88 
21 612 965 281 829 917 233 70 290 801 878 95 738 899 888 615 419 390 166 377 846 447 
41 696 61 843 486 768 409 749 855 482 713 172 762 893 440 346 962 729 499 191 175 236 441 63 202 859 804 368 588 1 166 780 696 226 622 181 994 30 282 200 511 346 
21 624 238 810 970 552 890 468 742 65 55 535 479 609 393 282 976 332 634 141 111 681 
19 732 214 712 762 847 911 624 192 634 248 781 443 569 332 333 36 426 397 442 
10 227 50 704 508 377 36 493 870 146 173 
38 230 386 651 991 232 913 966 423 546 213 204 989 781 887 321 168 312 69 962 623 295 11 327 154 740 714 646 609 211 818 196 440 556 846 782 787 110 748 
12 656 312 117 644 445 3 316 612 667 736 925 641 
32 936 319 535 27 32 532 635 595 701 182 34 256 379 168 395 488 915 956 143 578 72 138 22 426 453 986 444 540 910 85 921 197 
3 807 223 787 
40 209 381 391 390 766 998 768 933 392 608 847 699 750 777 122 888 798 548 692 135 343 232 45 427 152 593 182 311 816 320 1000 24 700 742 766 465 740 885 398 483 
42 596 534 242 372 655 481 522 554 172 656 897 755 52 675 259 645 856 569 460 175 568 835 226 662 600 691 401 485 440 235 976 387 768 569 759 423 49 632 328 573 287 224 
27 339 899 585 335 106 153 794 633 73 980 858 734 932 900 486 768 691 720 95 78 840 664 188 262 64 819 589 
36 457 165 963 147 63 547 481 520 52 626 152 124 606 362 209 889 261 694 656 952 413 750 381 604 413 568 865 829 738 806 464 194 322 778 693 736 
25 525 255 728 151 759 851 108 120 59 996 732 104 3 683 516 752 415 120 517 982 336 345 719 493 160 
15 166 938 957 901 614 833 508 341 983 266 191 442 385 601 789 
16 704 791 151 571 543 565 42 59 899 730 755 969 574 914 233 740 
1 541 
40 464 374 147 804 708 764 346 150 148 298 938 616 1 729 118 924 623 34 965 33 932 694 787 901 620 52 485 359 255 26 350 70 751 849 874 810 612 571 959 112 
19 249 727 221 329 196 144 951 229 461 335 161 506 473 61 125 524 897 483 778 
22 185 848 24 33 73 834 644 995 144 755 215 744 833 436 72 28 931 374 257 743 708 769 
49 532 181 725 56 77 560 185 351 744 384 374 776 456 559 419 803 703 526 17 446 358 804 870 738 87 243 994 829 303 762 429 834 942 154 241 370 713 426 720 456 809 94 583 617 4 353 771 706 878 
37 504 588 943 373 325 29 967 670 209 621 783 990 455 76 143 47 445 207 472 165 14 633 610 596 601 613 948 371 671 178 509 174 765 451 898 89 831 
14 758 392 837 540 381 291 615 875 337 59 81 161 223 446 
45 184 41 745 797 340 467 467 517 975 992 281 778 889 369 960 104 478 351 940 17 731 582 983 957 271 42 37 431 616 482 927 800 874 23 948 566 489 414 82 815 757 715 592 645 435 
2 100 913 
4 40 281 985 621 
14 941 891 657 330 673 624 163 951 775 389 973 722 954 461 
37 387 628 243 453 571 239 888 122 339 152 376 378 432 712 350 47 4 593 703 685 265 327 200 216 101 588 540 175 893 1 661 631 980 256 84 550 494 
23 24 832 474 399 561 257 462 911 304 817 503 358 502 119 684 53 686 137 640 226 663 532 578 
23 514 557 930 597 458 776 919 481 959 744 231 520 1 692 782 656 861 636 13 714 106 697 766 
42 185 405 369 847 288 946 521 153 854 451 750 311 226 20 792 184 116 374 55 116 418 188 771 278 823 135 991 281 183 108 424 367 512 792 565 151 89 86 303 294 888 404 
4 465 776 747 1000 
41 473 407 358 890 594 480 167 769 614 509 49 797 616 472 163 479 615 80 981 703 165 635 996 404 391 951 220 166 50 219 408 522 625 765 411 219 244 929 339 857 437 
37 653 404 210 168 882 824 247 862 878 763 848 225 518 238 527 737 403 928 955 810 449 932 574 211 150 169 491 840 26 279 226 30 682 787 549 563 962 
45 776 839 909 624 63 426 861 941 162 616 869 469 777 669 400 703 232 901 871 722 740 248 1 317 630 34 103 178 949 64 325 724 254 233 699 668 11 912 608 172 527 476 992 655 497 
41 357 728 291 228 449 382 475 801 698 104 835 800 634 135 215 958 858 820 190 909 487 552 820 95 724 698 922 715 352 418 458 709 145 748 288 946 130 762 98 179 218 
34 331 851 418 545 160 628 717 701 536 203 253 707 649 328 756 571 394 107 340 851 167 837 951 454 134 432 568 231 610 137 867 940 339 636 
37 498 263 553 198 150 107 802 208 756 129 963 326 523 422 17 725 940 853 675 394 986 106 313 569 68 449 435 359 139 422 195 988 37 99 185 186 206 
37 746 961 467 708 638 989 481 6 714 421 859 740 814 196 198 478 764 265 278 550 623 416 972 170 403 8 620 939 545 825 277 290 137 744 350 126 84 
30 132 149 250 342 889 415 537 86 244 653 702 521 202 676 288 525 845 690 884 465 981 781 641 257 70 130 352 771 255 436 
3 738 584 202 
31 824 969 968 261 212 620 962 85 173 990 372 698 834 414 933 650 394 713 643 2 135 772 354 905 378 141 857 468 76 411 898 
50 731 865 512 294 836 826 378 9 815 750 58 648 515 990 650 908 703 292 909 837 415 614 93 792 754 950 259 830 712 157 81 442 373 592 735 209 417 465 569 231 566 626 231 80 967 880 339 21 523 247 
9 937 861 302 80 966 603 691 795 314 
49 875 107 571 819 841 131 235 657 699 466 222 676 48 653 995 279 991 15 153 590 224 89 450 525 520 767 479 210 562 792 408 788 898 331 606 90 461 841 747 512 658 320 187 57 973 181 335 315 196 
37 904 771 927 705 647 798 472 125 8 33 268 767 172 517 97 778 606 558 970 704 69 979 376 607 35 700 788 369 14 335 207 918 457 485 622 103 282 
43 579 289 477 846 408 649 714 504 778 319 61 747 375 481 725 102 88 111 801 227 831 166 913 37 83 369 873 705 823 154 149 401 795 626 598 202 626 311 705 403 981 118 501 
7 950 577 808 37 687 960 615 
17 126 879 905 560 599 777 264 421 282 765 173 76 742 122 629 367 432 
34 121 765 803 621 823 752 197 983 141 883 942 755 751 419 986 655 979 584 783 594 5 64 710 529 140 451 651 768 817 434 453 289 550 255 
9 373 359 457 355 499 691 648 605 441 
17 590 447 397 174 229 342 530 293 52 58 784 502 60 551 671 494 356 
9 395 962 220 767 320 676 473 170 367 
21 775 159 539 716 606 287 241 834 628 770 126 679 180 909 533 239 812 203 84 519 513 
29 480 732 597 152 408 70 321 126 190 447 284 80 163 889 366 403 723 345 525 848 24 56 109 556 646 272 110 730 790 
22 560 269 354 156 420 113 577 93 238 118 539 521 197 701 410 914 456 484 259 332 683 634 
37 791 189 32 414 650 113 203 271 672 472 976 180 243 88 756 335 325 874 226 198 422 278 607 336 733 442 594 416 124 579 802 267 767 834 680 768 298 
33 38 970 706 14 501 300 101 608 635 778 833 212 975 255 489 933 942 222 374 535 989 497 465 791 763 231 976 443 998 273 677 387 594 
32 400 94 681 853 54 667 630 886 878 604 140 367 536 81 940 261 967 928 757 431 70 872 13 45 314 362 318 990 749 263 723 500 
9 403 704 762 70 333 647 299 288 787 
15 175 219 956 435 186 884 544 616 305 415 981 350 80 342 19 
19 442 281 791 942 989 545 645 750 966 330 397 265 969 535 281 496 753 237 282 
38 472 825 906 776 591 886 477 670 579 495 90 21 776 232 314 116 777 310 866 742 639 614 358 960 148 639 455 900 227 88 190 50 913 447 177 855 684 654 
25 262 500 614 634 627 846 947 743 974 257 960 67 247 925 425 206 424 415 12 323 993 100 864 394 364 
10 922 218 993 927 742 607 427 708 240 405 
5 187 499 878 795 458 
44 41 734 720 599 157 134 610 832 478 709 695 871 424 357 793 642 701 719 735 307 497 794 899 902 698 85 400 575 879 210 519 271 943 590 869 100 76 479 931 553 539 977 776 315 
33 920 956 386 990 42 692 487 836 590 740 533 26 491 108 256 700 978 527 995 919 395 446 994 225 728 547 116 704 674 430 389 593 385 
24 934 778 817 772 613 759 511 498 784 354 957 40 53 286 918 399 204 664 844 198 889 571 96 4 
27 769 433 367 713 169 140 998 298 308 770 911 66 632 760 850 985 716 241 390 1 158 788 204 821 984 401 61 
6 496 416 532 616 200 898 
30 368 389 678 18 697 447 280 114 430 39 963 415 754 555 156 754 64 943 309 237 278 710 297 184 557 713 715 525 264 965 
4 632 705 881 1 
1 679 
30 515 109 318 829 875 71 736 30 176 799 324 484 35 602 545 684 785 454 748 851 978 11 815 533 994 520 414 994 272 444 
23 138 552 942 319 426 364 54 807 539 204 131 375 591 732 271 274 868 76 21 718 405 383 885 
38 377 756 703 370 27 146 995 517 50 936 835 827 300 240 634 190 443 116 916 33 847 187 658 66 262 30 783 19 413 19 956 789 774 658 510 801 155 856 
19 556 792 503 383 443 94 368 632 888 483 548 273 681 86 930 746 699 960 880 
17 724 899 24 512 672 33 373 824 188 229 492 743 372 346 477 814 439 
44 797 679 678 696 951 358 133 880 103 832 191 335 900 914 233 924 777 256 956 150 432 495 730 275 590 453 621 66 266 411 262 414 89 939 462 391 297 594 271 751 425 813 437 677 
27 669 600 503 277 907 4 708 402 85 982 991 537 954 408 154 717 669 568 157 608 29 548 256 974 170 358 751 
32 795 427 708 815 378 563 443 636 918 150 37 3 484 379 891 789 787 45 505 807 964 14 414 344 561 21 317 730 379 67 63 525 
45 771 691 222 685 134 858 954 635 246 956 118 625 199 259 763 243 763 569 558 128 335 901 688 355 217 769 85 636 832 961 480 954 652 702 990 785 911 943 419 156 251 889 132 449 147 
46 43 261 815 600 389 501 500 428 207 68 549 292 703 732 604 183 685 255 236 26 391 498 320 810 653 570 50 137 370 196 382 412 808 548 363 196 48 862 976 607 930 524 898 984 255 501 
18 291 108 753 316 498 250 635 659 255 557 708 743 926 255 124 690 63 24 
2 610 423 
16 585 29 547 108 278 530 714 131 48 4 238 152 671 87 754 658 
46 8 566 805 750 843 412 225 532 474 600 584 435 375 849 20 403 395 479 33 276 545 163 675 900 752 827 571 838 580 580 935 939 145 92 40 987 503 616 871 328 216 806 762 590 6 133 
44 752 964 376 27 508 538 702 407 641 880 329 831 459 260 117 749 756 208 788 95 62 403 965 741 970 770 855 559 127 987 903 878 302 278 256 809 168 957 568 808 188 248 990 998 
8 107 746 263 666 533 357 728 288 
23 820 257 794 674 816 920 13 70 797 314 699 405 475 218 361 394 378 549 641 367 898 148 473 
44 763 139 528 119 218 815 144 37 72 937 63 239 209 75 660 357 740 358 761 566 576 122 959 953 22 600 319 919 99 144 914 861 282 442 332 851 256 475 239 679 763 301 269 971 
27 928 328 819 286 88 384 861 561 695 165 934 294 483 205 392 978 118 605 611 911 936 461 167 410 52 197 172 
2 466 495 
31 393 822 249 678 261 984 890 822 678 406 107 323 241 311 67 218 781 671 829 691 606 641 209 367 692 406 890 396 223 384 826 
15 557 426 645 818 409 886 639 87 292 745 761 532 408 827 749 
38 497 577 230 454 570 439 172 261 196 62 656 418 797 481 32 354 258 676 171 667 562 161 105 205 257 865 736 664 692 484 203 540 413 433 994 982 223 165 
44 418 578 250 835 375 82 866 728 340 894 250 358 807 410 462 11 18 678 98 682 369 581 236 909 345 668 254 678 890 770 272 307 348 521 493 722 954 711 801 293 604 402 2 762 
13 463 124 180 141 221 213 861 153 449 121 498 468 726 
25 358 496 446 16 843 318 509 916 272 219 68 916 174 821 918 287 983 732 410 514 224 982 727 437 134 
27 557 983 994 635 158 703 130 955 719 324 273 227 591 896 797 10 163 970 830 80 256 164 164 17 29 387 998 
7 175 483 633 732 466 979 718 
23 681 847 929 399 522 553 977 112 448 773 473 963 94 654 394 701 817 557 717 197 296 66 304 
20 549 288 553 14 266 270 988 947 116 268 697 989 821 674 100 620 798 924 582 892 
27 976 592 745 532 661 942 179 726 597 649 626 884 201 991 150 471 330 448 938 598 144 927 418 169 378 37 319 
2 971 562 
30 946 153 975 829 165 268 8 243 864 656 868 747 208 211 248 678 540 695 968 137 191 894 554 711 623 943 29 276 913 590 
6 210 95 480 38 259 99 
47 853 962 52 73 708 260 283 956 289 174 2 256 311 192 501 216 903 124 510 283 399 774 873 256 983 967 87 373 577 185 769 430 146 821 854 854 432 136 161 72 309 162 328 971 706 180 539 
10 303 48 242 54 822 466 309 804 432 396 
28 361 580 297 142 78 117 995 931 900 482 443 971 142 956 650 465 661 830 3 972 484 50 214 537 223 679 198 379 
13 593 906 175 524 202 316 601 670 662 883 569 495 677 
42 636 633 541 100 645 722 454 617 206 504 182 94 726 212 291 456 674 235 362 848 759 563 515 711 233 176 594 153 22 622 44 658 254 937 109 251 658 563 219 215 418 400 
9 495 611 599 951 637 834 312 484 944 
24 351 654 458 878 599 611 900 221 6 557 826 942 17 76 952 931 294 166 700 45 826 195 656 425 
47 292 610 808 127 553 33 477 558 843 355 509 453 606 81 810 514 906 104 530 334 407 813 979 924 512 376 750 58 31 174 554 674 135 713 152 687 746 981 596 940 687 104 392 292 184 553 805 
42 656 686 127 62 498 105 986 10 480 735 67 862 260 973 887 394 685 39 432 782 19 379 721 705 483 464 348 18 17 152 459 24 837 585 86 687 42 423 48 873 157 466 
35 768 438 973 513 475 11 944 256 381 674 977 437 156 792 784 174 808 287 984 184 476 921 269 162 962 691 561 834 199 26 920 318 816 893 830 
40 255 125 545 636 798 873 424 954 665 208 479 824 846 814 7 321 734 627 834 47 669 746 233 219 772 152 536 587 396 365 228 651 489 124 638 639 997 61 944 13 
20 774 188 466 587 547 138 673 525 324 719 194 69 951 412 192 455 300 130 850 664 
7 852 505 481 489 143 829 902 
38 193 521 211 380 338 149 278 828 821 803 151 540 348 571 490 111 763 944 410 892 146 74 249 997 930 81 838 424 909 739 861 453 259 423 832 949 571 110 
26 392 264 926 931 611 496 772 721 610 68 483 502 565 908 102 561 837 534 750 612 442 488 472 894 747 246 
27 47 816 538 822 207 153 99 489 115 594 613 188 204 32 670 57 596 577 158 508 413 691 258 24 484 745 847 
29 843 92 157 889 259 695 710 818 199 808 658 314 754 270 501 309 653 170 365 248 746 874 756 510 916 365 885 751 461 
33 479 304 174 987 544 784 33 606 601 232 765 259 545 518 880 45 178 533 566 894 780 311 119 887 172 34 603 56 784 64 138 614 719 
13 601 262 446 633 867 399 864 632 657 760 501 888 156 
31 420 721 276 552 383 395 790 554 428 745 961 564 808 450 529 526 112 129 139 910 114 358 308 329 989 316 89 841 555 244 223 
25 965 499 878 347 893 19 253 672 763 213 587 570 663 116 447 126 596 586 387 709 943 46 38 283 361 
26 475 268 721 50 594 685 548 471 384 792 841 988 815 604 200 402 525 214 869 324 692 464 909 78 525 203 
24 562 837 836 39 663 103 759 712 48 796 259 870 531 402 711 518 217 314 69 970 190 635 190 513 
26 653 773 755 177 975 878 90 163 66 480 826 520 239 537 568 386 148 437 916 901 499 785 469 812 853 438 
4 839 627 866 164 
32 639 271 160 965 500 602 128 565 81 305 437 671 841 356 56 340 144 323 241 643 459 709 806 664 499 159 502 477 25 18 460 15 
38 972 979 787 573 458 704 5 762 492 676 955 847 731 646 990 406 238 632 864 299 790 527 797 948 29 625 972 398 437 338 685 408 669 823 332 126 878 336 
40 369 11 546 567 94 191 557 851 429 540 714 79 329 593 875 629 973 851 600 370 287 290 54 46 958 228 377 83 106 65 674 474 75 219 41 520 762 949 370 190 
40 84 268 169 28 494 149 1000 696 748 369 335 389 774 380 346 1 109 781 106 173 454 932 599 25 972 119 786 272 488 327 111 923 594 631 950 439 779 301 486 879 
19 820 267 442 552 965 443 12 745 900 184 550 831 782 574 802 252 711 425 92 
37 536 14 982 166 316 772 297 968 258 175 637 77 441 430 980 405 224 991 501 124 174 51 954 308 976 108 911 687 532 2 723 419 368 57 585 683 828 
31 650 85 407 638 514 199 68 493 604 643 836 456 766 361 858 72 668 834 531 579 872 62 932 946 833 299 2 769 981 830 649 
33 266 407 972 779 605 391 624 560 34 459 16 151 819 225 222 839 58 752 769 281 166 700 227 998 999 580 766 331 761 766 665 379 172 
37 157 128 27 132 688 412 590 55 563 761 279 136 599 689 240 719 969 757 418 547 754 416 479 871 747 239 988 411 617 511 399 126 638 778 609 677 189 
49 731 103 311 10 591 261 698 830 979 18 586 396 565 691 164 43 913 910 633 252 672 602 762 71 79 751 848 687 428 388 237 510 491 547 519 81 807 568 910 137 586 847 533 150 537 696 544 801 957 
28 52 628 129 165 698 207 915 897 894 694 285 130 204 775 29 74 207 835 642 468 324 227 314 856 728 202 903 623 
4 859 150 405 838 
31 569 888 837 483 784 82 529 420 564 732 546 592 157 752 778 798 571 101 376 236 308 455 437 210 429 790 420 579 546 258 561 
14 497 749 949 280 831 477 52 746 560 597 337 716 701 114 
16 271 567 241 507 874 48 295 84 476 437 855 406 982 112 966 448 
8 715 396 240 897 224 643 642 783 
39 330 850 291 443 715 562 361 308 420 235 355 714 670 830 502 524 588 484 636 553 283 595 619 678 186 867 253 828 508 387 419 189 236 709 632 951 270 992 610 
41 578 964 107 247 145 608 771 732 443 406 637 725 352 607 754 890 474 6 717 333 392 135 522 980 196 505 282 817 848 891 858 426 854 964 672 350 571 794 434 366 551 
20 90 903 28 196 792 853 553 860 538 297 347 59 276 542 915 557 358 114 799 567 
41 652 530 915 353 453 708 786 170 259 855 611 161 235 806 304 87 359 515 624 7 861 34 282 754 948 190 464 414 988 30 304 991 912 218 343 716 926 129 885 536 335 
45 48 569 653 351 656 363 217 631 369 430 665 2 183 964 191 998 377 530 28 33 520 291 250 214 358 527 342 242 62 29 88 461 597 92 811 604 454 380 235 174 809 251 175 991 214 
17 989 943 246 368 327 117 10 928 331 367 455 24 960 868 52 47 329 
1 491 
41 604 944 222 190 470 30 792 996 373 358 713 713 652 310 80 978 779 441 905 461 807 711 484 118 579 888 164 259 888 6 101 843 302 323 385 771 352 176 766 76 885 
30 788 536 492 219 513 622 659 418 82 817 128 565 934 58 452 450 668 691 455 769 534 756 443 918 526 146 445 644 222 330 
25 9 865 668 228 378 289 238 147 370 55 626 287 988 684 90 437 351 781 244 471 666 999 913 935 877 
11 379 872 632 60 48 640 925 716 219 654 4 
7 152 374 863 777 12 850 460 
1 639 
13 233 234 633 898 232 898 832 460 308 563 683 291 622 
31 930 898 446 501 903 449 309 54 174 171 183 537 372 642 638 10 156 222 595 141 120 827 390 303 638 697 865 321 987 839 403 
18 736 848 120 639 648 428 44 174 598 226 710 970 220 699 331 375 921 926 
17 392 104 256 46 93 304 911 765 290 749 167 910 836 366 381 474 14 
9 870 539 758 95 600 727 314 299 410 
41 571 687 907 314 790 515 359 234 818 621 999 460 369 517 369 557 883 749 30 248 909 251 786 667 346 737 745 11 387 154 403 957 192 662 622 981 176 981 567 993 953 
15 452 322 81 172 878 963 273 259 562 533 510 699 199 207 436 
46 569 822 801 972 131 993 985 752 325 160 84 891 504 37 455 308 710 888 831 939 202 455 549 764 988 410 462 538 616 249 833 537 71 634 508 201 626 844 304 302 355 740 193 858 776 999 
17 837 886 348 775 440 154 323 555 141 733 16 679 700 617 863 236 687 
48 95 239 825 938 894 127 644 633 319 502 760 669 370 596 907 69 722 346 223 397 900 715 481 267 745 180 883 608 768 921 455 214 511 280 152 405 758 147 389 76 1000 501 96 370 448 2 438 170 
47 12 918 246 727 398 865 471 929 747 430 696 668 237 262 530 516 413 934 625 911 675 700 911 175 147 280 974 149 69 495 495 81 412 93 159 161 957 981 442 55 411 489 722 647 750 604 514 
14 889 138 425 563 189 335 89 335 614 415 483 34 909 330 
16 673 774 624 833 730 605 274 784 367 763 858 13 512 461 878 26 
49 15 450 264 203 784 704 889 749 118 724 782 27 53 248 699 178 223 883 907 827 157 42 545 271 251 557 782 63 434 159 764 800 608 27 354 743 730 243 843 200 966 977 226 370 224 276 899 446 158 
7 625 666 198 169 936 801 78 
20 863 863 228 626 663 188 4 16 282 86 610 125 285 927 101 862 648 676 137 546 
23 646 702 449 664 252 970 599 52 399 20 266 261 248 892 275 787 247 291 420 332 252 896 616 
29 996 829 178 23 965 724 848 963 777 296 626 28 617 576 431 15 596 697 276 195 940 550 981 186 192 400 518 796 296 
35 974 643 314 503 18 630 226 865 944 355 512 569 382 481 145 813 495 92 861 122 286 800 24 618 337 215 17 854 10 664 691 335 659 4 190 
28 985 415 244 929 121 755 849 503 587 345 667 82 436 879 203 721 678 226 338 14 793 707 220 154 722 910 841 732 
15 30 759 601 796 2 529 917 109 378 771 695 722 437 128 510 
17 683 582 344 260 920 709 52 978 280 558 51 189 750 783 805 779 893 
6 926 247 286 842 355 663 
14 401 737 752 529 246 418 211 179 113 822 450 822 874 427 
1 783 
30 642 532 964 798 662 856 203 587 102 489 781 808 503 744 209 591 848 89 188 265 651 367 378 472 816 551 697 595 3 479 
24 644 362 387 794 23 594 348 962 48 188 742 855 691 837 415 633 684 855 821 301 857 539 30 329 
4 580 377 948 934 
8 723 930 569 461 723 944 55 70 
5 454 258 998 660 300 
36 75 284 222 281 104 522 138 642 903 818 348 834 194 647 767 401 370 696 322 182 418 617 588 840 873 41 97 870 701 748 407 127 31 628 407 487 
1 896 
30 403 713 179 236 259 826 3 11 547 50 684 728 468 300 316 307 172 356 755 393 408 854 800 534 884 427 293 722 928 188 
2 682 253 
30 270 511 557 624 873 103 673 557 831 140 856 146 798 380 853 904 772 261 757 571 794 993 350 438 714 629 978 267 310 230 
49 579 92 555 202 964 658 875 872 840 366 80 337 516 459 541 419 582 801 176 153 947 520 854 384 233 482 361 852 143 942 850 74 385 404 275 349 413 501 572 604 219 651 940 734 109 481 504 43 633 
31 547 579 550 400 315 135 233 27 986 375 321 835 448 705 590 75 405 355 927 977 958 145 627 250 230 88 82 86 130 714 116 
28 645 666 427 311 800 659 337 137 33 9 971 833 714 912 907 118 266 833 94 576 330 73 825 559 512 258 644 993 
21 760 20 967 777 446 277 928 456 966 64 840 974 386 672 687 297 578 805 915 411 250 
42 92 674 18 650 185 275 646 177 245 757 548 212 533 345 840 812 800 805 875 992 779 612 663 465 260 241 621 526 3 223 367 94 896 384 95 433 10 740 961 607 848 509 
20 732 205 9 543 5 814 769 348 592 380 10 408 640 602 381 517 956 603 884 401 
50 619 496 634 629 587 595 235 787 455 756 518 659 764 61 15 929 181 362 872 561 724 280 552 325 12 420 281 966 303 33 815 274 528 801 254 467 747 840 253 201 595 770 211 358 182 578 287 363 291 158 
25 14 789 178 691 800 597 323 117 252 355 932 525 235 84 778 53 830 617 305 30 563 426 592 920 960 
21 558 674 164 68 300 177 208 829 219 360 425 893 476 28 248 759 904 834 842 33 886 
21 1 542 52 563 319 996 835 278 516 744 303 679 811 602 208 371 430 778 730 207 671 
5 234 270 316 490 103 
7 522 988 180 523 881 231 85 
49 226 919 829 94 15 131 124 825 733 683 547 514 461 276 720 131 833 306 400 148 795 502 656 668 841 835 190 721 66 627 271 643 897 99 88 911 230 212 88 314 894 634 827 706 262 899 836 94 556 
37 593 702 88 248 369 280 83 559 352 148 185 623 142 81 73 230 344 654 793 431 967 38 64 146 744 325 396 579 770 951 518 362 4 957 610 372 237 
44 282 940 543 818 914 684 251 987 265 594 640 409 24 959 447 87 104 542 764 851 472 885 153 989 247 156 946 208 879 182 251 161 473 145 978 387 828 228 725 445 821 364 853 844 
24 651 283 129 192 398 979 664 282 131 4 880 286 949 439 165 482 41 677 955 185 654 693 365 234 
17 809 406 132 13 602 806 16 236 934 559 633 913 574 266 43 578 498 
31 526 936 197 360 977 225 314 161 878 6 525 463 422 685 869 553 50 470 358 65 705 644 623 689 556 549 954 950 126 451 982 
3 739 178 362 
15 402 675 227 632 32 752 446 805 788 314 710 837 135 419 253 
39 62 228 527 617 776 833 919 253 635 900 255 373 430 617 439 183 643 666 166 27 769 612 831 556 925 892 393 60 311 997 250 372 224 129 341 999 313 259 251 
47 510 858 672 939 826 110 122 468 775 287 846 543 250 29 99 527 920 843 938 230 839 187 954 415 667 646 413 979 256 16 926 765 225 597 704 50 706 177 869 833 815 715 375 65 743 473 591 
12 667 528 244 858 66 549 272 733 194 36 63 449 
1 988 
13 275 936 268 676 994 796 545 826 611 259 552 27 353 
27 617 366 43 496 609 900 913 509 523 997 702 559 60 502 961 399 715 588 335 334 263 680 130 807 857 740 417 
8 118 769 136 86 135 531 581 95 
30 845 604 305 842 657 863 901 159 823 299 225 410 985 910 25 664 39 831 872 130 248 632 247 368 767 332 502 297 264 949 
29 461 552 383 302 560 597 202 70 771 852 294 533 837 204 557 852 594 739 724 724 338 707 322 706 473 6 207 122 621 
5 552 81 58 286 382 
18 882 935 687 4 787 333 536 975 888 92 826 481 183 901 556 520 607 230 
25 432 587 432 905 207 938 456 288 348 93 21 965 974 956 3 977 94 687 865 68 574 308 893 407 490 
46 314 10 752 543 234 535 129 17 439 688 955 246 327 302 338 347 618 663 654 972 992 747 659 856 166 584 163 411 990 653 556 656 14 659 198 247 194 679 264 984 366 570 582 692 223 919 
40 192 934 44 515 925 142 173 132 308 109 294 718 450 298 625 105 311 283 303 910 828 333 173 164 50 94 745 741 668 663 482 859 948 525 373 872 667 898 3 326 
6 649 395 807 946 19 912 
9 301 566 518 481 898 42 644 947 487 
38 39 154 402 520 364 350 397 88 573 415 985 576 740 342 576 134 149 521 504 412 481 804 977 998 636 874 391 279 172 877 18 210 382 420 81 745 121 477 
33 693 891 169 620 630 511 195 115 11 68 618 422 548 774 398 898 409 623 288 40 794 517 57 355 898 828 435 643 948 912 827 641 154 
45 260 784 505 807 250 867 874 868 640 421 993 389 670 753 11 310 792 156 826 849 510 723 676 297 717 976 208 543 968 361 538 227 496 394 385 98 613 258 317 252 31 309 993 700 61 
3 9 205 511 
36 53 372 261 80 668 977 407 227 872 374 940 761 953 787 506 337 884 118 595 200 722 977 508 714 676 921 68 37 125 930 222 529 302 482 960 969 
9 367 548 682 740 487 442 44 273 947 
31 509 417 327 708 490 303 568 203 978 840 622 14 964 552 588 844 205 69 803 525 879 521 72 560 613 558 353 656 183 652 36 
41 68 714 750 557 16 317 111 346 156 84 711 471 987 298 314 191 719 469 716 597 989 139 157 601 49 861 257 231 512 644 273 931 710 22 487 725 691 949 422 846 385 
35 669 371 782 982 562 500 802 629 449 791 767 605 743 815 817 351 397 329 347 669 259 56 43 98 780 733 398 554 578 782 38 598 153 171 580 
16 671 733 694 471 523 812 75 618 979 243 968 375 571 314 396 830 
19 438 279 501 170 676 54 99 458 443 697 962 613 628 27 635 360 72 105 235 
35 531 852 213 774 819 940 344 485 335 525 853 124 155 705 645 831 110 743 640 552 791 601 165 770 627 151 130 50 256 716 284 786 567 497 911 
37 788 607 573 474 131 778 597 638 482 593 468 944 335 107 495 478 59 11 247 37 162 728 86 769 443 369 906 361 217 817 450 356 423 22 829 905 799 
27 542 633 369 361 576 56 819 70 533 877 433 131 913 946 859 998 714 653 719 619 14 287 787 463 643 209 836 
21 466 635 248 7 267 968 720 842 23 538 263 907 415 695 38 679 992 248 29 705 900 
47 676 913 33 462 727 675 23 563 498 488 549 97 846 167 64 565 8 439 103 622 697 869 669 86 547 660 333 575 717 585 321 392 849 706 853 576 732 875 490 229 362 390 325 560 556 741 124 
15 531 226 536 579 94 556 665 641 216 349 215 284 933 888 675 
34 593 527 61 676 754 550 905 467 291 581 26 846 673 150 760 203 375 647 134 821 203 798 813 770 498 379 53 431 618 727 564 210 605 624 
38 358 525 142 825 815 74 850 660 747 351 771 301 78 417 434 898 971 583 710 92 81 440 144 863 58 222 778 619 179 401 856 536 277 349 712 443 423 914 
4 169 264 224 821 
41 992 255 590 963 189 651 54 269 91 550 131 148 123 908 118 301 660 974 189 936 322 900 730 744 813 183 264 77 406 437 769 750 43 359 712 231 9 117 500 99 18 
32 598 141 890 716 793 901 689 981 189 362 881 918 458 45 101 73 473 858 509 242 607 551 952 670 782 960 139 633 411 156 614 8 
48 855 723 793 756 763 773 944 477 5 213 934 402 313 6 874 171 867 467 129 417 770 799 550 730 937 534 140 444 148 499 444 354 574 236 461 336 8 756 812 365 969 97 766 633 455 991 155 321 
10 284 89 579 82 991 660 370 524 799 813 
23 650 256 377 223 491 837 558 851 945 722 567 913 170 684 545 624 26 700 944 835 335 385 766 
16 375 425 137 898 576 949 921 225 557 649 447 399 837 356 601 781 
27 167 693 599 202 590 222 228 641 166 414 975 902 179 742 276 956 878 173 531 178 445 755 734 93 553 485 282 
8 85 62 337 604 107 935 805 48 
6 384 688 673 798 14 574 
28 107 849 283 984 374 813 513 170 919 599 615 471 83 896 379 519 309 67 122 415 1 279 814 508 662 853 533 811 
16 106 139 324 307 421 307 32 586 172 201 504 770 815 327 852 62 
5 370 371 123 844 137 
23 122 951 982 135 803 514 946 21 972 436 344 278 208 3 661 793 526 213 649 295 380 975 498 
41 31 219 163 153 62 300 627 535 602 608 22 756 122 967 776 445 754 472 74 961 826 734 106 351 946 754 997 325 728 494 118 110 712 280 262 126 931 888 660 532 847 
31 288 320 999 415 764 752 238 837 65 63 922 170 765 220 275 761 544 354 606 13 463 318 645 76 443 575 315 454 459 161 135 
48 833 485 512 596 589 102 785 5 516 706 174 281 925 800 393 821 153 999 185 967 668 829 42 462 756 356 915 214 868 401 311 700 886 174 296 826 275 432 830 791 137 355 423 414 154 815 234 658 
15 418 624 832 599 665 645 354 20 560 567 887 312 877 587 549 
50 234 374 677 665 555 467 153 909 889 566 414 55 151 71 220 569 694 403 519 358 400 872 729 311 438 968 622 666 906 171 67 139 896 743 155 451 561 659 359 801 225 773 856 375 195 427 295 889 181 813 
46 580 36 327 890 473 294 512 490 199 34 557 689 929 651 843 731 564 501 442 364 77 214 219 804 760 997 450 648 178 615 246 109 650 572 351 475 865 214 964 415 247 872 103 527 875 297 
8 438 149 699 153 226 264 724 381 
23 720 830 23 249 796 268 358 798 191 708 272 407 921 587 821 519 811 923 45 37 219 654 826 
17 704 978 944 319 701 324 694 421 506 716 21 653 335 378 450 525 437 
23 931 709 12 751 227 822 25 624 210 595 629 35 313 685 12 257 3 65 932 48 485 789 763 
5 442 449 235 243 973 
23 316 903 732 327 5 958 500 381 933 709 975 562 743 288 246 106 896 600 170 827 648 6 968 
12 863 409 211 97 3 183 119 318 438 850 996 794 
10 495 175 444 555 501 357 297 788 954 755 
33 906 924 862 553 930 829 314 144 237 876 240 591 411 710 261 848 912 256 993 423 103 519 866 657 20 575 306 807 528 60 842 433 335 
3 337 616 531 
3 759 119 878 
50 709 288 60 969 487 971 225 480 393 679 350 610 335 369 184 992 528 712 51 369 496 738 71 833 705 601 835 464 719 712 165 427 352 224 748 838 546 972 669 290 650 19 900 336 739 83 328 266 146 730 
34 994 819 704 826 524 304 12 339 374 75 503 801 426 79 548 616 624 871 636 266 872 6 165 559 745 599 886 10 745 968 644 90 786 699 
15 661 355 926 999 728 1000 854 528 778 284 427 393 259 649 380 
24 872 386 688 431 130 639 668 491 735 635 134 824 773 185 738 433 539 15 784 266 366 989 146 495 
22 924 239 882 573 619 406 444 4 445 874 133 83 894 623 817 528 109 992 652 645 81 437 
33 95 572 448 813 560 945 307 183 869 546 64 441 516 821 236 519 266 462 3 700 355 977 869 882 437 860 886 81 941 322 615 387 893 
13 199 804 359 858 338 227 755 753 19 270 574 255 788 
41 68 142 890 422 118 110 655 907 970 540 987 262 861 954 648 105 368 199 260 726 408 597 953 162 350 323 431 923 577 570 113 644 711 354 417 180 464 72 438 785 611 
27 46 824 730 45 280 97 595 540 822 2 136 126 163 485 449 945 759 377 866 223 373 928 577 789 108 392 860 
47 176 823 673 573 998 754 969 277 850 564 168 24 565 304 149 80 140 949 376 251 326 242 473 698 169 401 838 628 792 698 525 967 872 549 891 221 303 860 849 504 423 17 527 339 672 28 770 
13 328 146 413 653 739 886 702 907 286 540 887 430 589 
11 748 812 311 639 32 965 498 880 469 272 248 
47 962 919 726 732 82 54 229 846 58 967 83 760 225 721 651 111 150 591 873 897 402 184 887 785 500 384 664 968 7 912 667 969 182 744 700 615 797 280 461 207 598 543 966 822 263 968 285 
14 558 157 661 311 692 547 95 192 283 110 511 289 21 529 
7 555 273 308 169 421 939 629 
27 536 524 592 710 786 911 994 550 468 150 562 778 194 460 224 385 742 334 247 383 354 776 991 260 48 651 429 
18 589 57 447 125 580 38 834 718 301 179 619 768 680 180 898 873 991 121 
9 85 454 856 467 160 631 809 419 30 
9 199 849 400 608 295 876 539 685 709 
6 985 239 226 104 918 757 
1 791 
48 474 399 832 279 606 650 438 588 458 209 617 269 759 818 668 366 112 543 905 148 603 512 132 841 90 236 758 846 588 900 593 413 651 424 692 256 425 481 844 883 41 812 503 800 981 170 165 93 
14 421 240 18 285 724 858 374 311 967 219 250 219 164 663 
19 939 354 124 364 186 319 598 227 483 100 26 463 269 542 907 684 315 499 701 
1 222 
10 324 884 876 894 133 94 409 795 314 348 
50 438 711 686 108 308 912 590 407 289 405 27 182 311 710 496 809 762 446 382 671 121 265 898 367 398 992 775 544 305 122 396 94 184 81 554 843 344 495 601 984 899 627 165 210 688 13 18 801 810 400 
21 283 664 369 649 413 712 775 309 368 249 704 814 432 136 367 275 831 861 227 814 760 
6 330 321 893 342 338 694 
2 89 516 
34 105 236 434 869 947 208 177 667 456 232 480 240 367 198 866 197 58 92 362 169 297 692 489 542 33 179 587 536 267 454 321 371 690 106 
40 636 314 768 302 121 1000 133 712 366 330 577 915 740 21 628 908 669 319 749 562 704 927 148 591 193 602 912 916 291 17 155 278 682 922 932 155 273 64 218 991 
44 795 905 133 167 884 392 835 203 140 749 258 66 896 848 259 849 111 526 491 480 680 121 513 953 52 19 226 467 237 568 860 383 824 344 549 707 736 735 261 227 483 518 293 731 
18 903 931 828 428 774 307 459 894 172 763 945 190 340 411 426 907 623 808 
30 318 708 437 405 795 697 632 629 567 276 711 284 178 642 111 957 415 770 415 308 293 529 604 482 869 366 260 775 340 419 
7 658 127 645 414 273 693 45 
1 259 
20 964 542 849 605 5 805 371 126 571 30 418 100 985 251 968 350 510 94 42 929 
50 51 407 946 464 31 639 509 283 897 180 246 791 29 850 147 185 220 272 756 601 41 855 585 291 174 935 153 267 328 433 569 378 839 514 841 221 504 701 503 401 233 749 191 613 598 337 797 170 960 552 
20 352 758 707 994 931 993 146 550 320 578 470 697 768 335 889 340 839 942 843 591 
24 591 781 786 540 469 582 709 780 486 831 131 595 537 124 526 529 622 427 200 551 248 896 671 934 
36 10 772 77 852 362 250 442 494 387 982 314 969 42 93 806 224 575 400 112 51 277 992 672 55 191 574 302 438 244 588 574 606 359 650 457 73 
2 251 918 
38 584 232 958 977 676 115 201 603 515 664 653 143 656 676 550 846 601 203 636 845 790 209 802 149 210 258 573 461 860 490 451 795 73 760 772 101 875 324 
3 741 987 707 
33 642 734 784 840 334 987 475 530 776 35 331 276 244 941 848 57 800 690 859 595 114 618 366 214 492 41 268 232 27 326 467 21 59 
50 860 393 236 686 922 364 720 253 639 315 545 839 723 344 880 581 290 993 199 7 559 42 47 178 626 74 504 92 94 562 693 305 306 281 990 580 996 61 184 634 727 728 824 450 423 703 382 713 48 580 
19 606 974 766 783 599 191 638 42 284 552 86 940 209 366 929 788 713 341 323 
47 67 50 170 868 473 225 250 537 272 181 255 229 154 372 363 104 562 1 145 197 552 231 136 760 948 416 900 661 108 222 359 175 624 880 42 448 104 643 984 727 824 590 955 977 962 318 433 
23 318 577 72 221 159 559 332 459 975 583 471 82 805 181 608 780 60 2 227 516 644 562 594 
17 151 549 796 464 866 228 339 535 156 410 107 667 968 438 477 294 373 
49 376 529 479 983 308 890 336 886 757 980 447 351 798 949 899 593 413 116 172 751 650 680 512 108 346 479 897 822 773 269 120 500 797 950 834 104 839 170 341 596 149 139 946 946 88 196 891 852 311 
12 954 312 741 465 419 438 943 315 611 67 584 730 
16 732 31 752 836 870 921 176 817 69 315 114 366 754 309 256 605 
21 670 558 634 762 374 404 200 316 70 810 735 5 892 652 737 922 403 572 143 323 99 
9 743 765 424 461 518 84 68 474 406 
37 383 39 499 756 442 50 424 864 211 510 868 102 161 604 376 916 175 518 590 626 829 685 390 252 145 260 688 212 85 93 301 468 132 151 575 925 552 
48 788 762 507 656 864 20 259 239 935 786 108 876 411 936 560 152 540 704 763 227 268 848 319 920 315 802 422 241 727 973 591 866 734 449 873 597 468 132 187 754 269 295 630 31 230 189 534 769 
45 297 995 864 144 666 135 810 467 556 50 193 528 640 411 261 89 283 210 908 766 396 14 34 690 643 416 272 183 950 392 779 598 739 994 741 404 128 902 870 683 303 415 210 295 825 
21 735 107 680 642 873 427 655 258 469 649 26 740 184 975 131 962 924 869 956 664 272 
33 917 494 118 219 908 327 865 732 149 599 190 180 593 414 607 599 24 75 600 49 166 783 375 648 96 298 869 51 313 492 486 229 985 
5 799 892 281 16 975 
32 614 165 961 558 578 919 157 601 345 756 1 862 890 375 510 985 24 378 388 336 869 873 916 854 827 67 97 459 82 72 240 47 
36 553 605 165 823 113 118 520 220 118 381 109 845 242 93 868 619 480 556 840 704 471 45 882 889 141 693 322 564 284 721 799 188 677 316 11 789 
33 882 360 550 262 820 394 504 264 614 474 96 169 313 799 991 709 33 232 850 725 553 765 8 273 564 196 949 879 558 89 663 439 800 
12 52 619 958 555 883 571 29 978 91 693 128 81 
2 160 312 
3 884 865 367 
44 489 282 791 790 512 700 230 174 138 30 738 189 648 47 96 530 617 476 507 707 168 987 139 921 146 451 875 382 667 594 977 507 227 767 296 739 466 878 264 955 907 353 143 554 
49 590 436 367 65 294 73 585 280 564 857 778 14 732 159 32 677 135 538 903 253 186 993 70 63 257 24 969 609 518 874 360 108 309 726 524 955 151 108 586 714 965 363 727 696 521 758 724 7 647 
26 259 832 619 328 894 227 703 862 187 221 88 546 680 748 624 203 702 774 311 288 487 275 650 213 322 523 
22 397 529 968 22 140 800 992 467 45 570 170 907 757 742 346 654 421 93 277 975 795 50 
35 434 536 911 435 100 584 309 773 980 838 741 354 977 892 345 795 288 915 316 546 23 57 891 676 829 984 305 804 130 354 440 563 242 703 349 
43 286 658 466 618 847 558 971 823 801 667 969 88 581 285 634 955 693 876 631 874 859 287 677 988 640 468 902 233 170 603 278 808 260 743 777 458 652 747 632 804 765 600 243 
46 236 876 300 929 104 282 802 962 568 830 302 560 297 555 144 819 157 421 978 768 515 754 225 518 500 856 321 264 808 564 961 43 791 613 323 894 246 124 208 166 305 509 725 954 63 220 
24 572 993 101 691 507 854 916 25 705 123 697 968 930 260 281 325 403 245 647 296 842 123 503 7 
27 363 83 732 778 303 855 349 295 955 39 153 160 306 529 864 781 226 184 710 837 464 386 239 60 33 887 901 
5 741 908 933 104 990 
17 881 644 871 581 290 178 619 443 337 277 971 201 57 548 384 118 385 
49 504 975 610 536 861 510 42 602 417 974 705 759 990 937 754 213 517 44 742 135 838 78 763 160 630 819 708 365 289 444 915 792 418 524 679 279 34 720 232 802 45 288 912 387 224 18 951 740 61 
42 226 250 121 989 409 751 159 468 467 447 911 382 590 681 257 620 311 642 339 542 444 736 829 707 474 404 724 424 143 136 467 368 385 587 708 146 689 867 613 508 665 524 
41 607 204 497 226 514 139 917 407 934 4 587 640 477 990 716 252 132 851 718 851 588 304 559 733 345 777 345 852 793 220 92 399 775 588 977 640 78 893 46 11 896 
32 3 724 621 70 975 104 272 692 955 859 347 865 591 43 993 288 894 137 507 985 888 282 925 864 921 2 108 319 365 3 950 719 
26 923 788 52 26 59 95 332 918 793 196 860 836 540 499 729 677 6 66 916 639 342 779 911 695 886 229 
9 240 531 129 317 453 916 368 830 327 
12 162 596 606 709 807 441 249 306 170 277 311 587 
42 301 928 322 211 622 559 792 33 798 322 161 466 774 429 833 603 755 646 116 702 251 825 508 692 73 813 213 701 475 151 244 775 78 565 338 51 123 129 83 272 450 244 
37 575 672 921 529 778 566 645 479 168 469 338 211 893 151 775 593 977 925 836 104 2 752 441 53 226 921 487 497 370 730 585 296 753 505 824 882 422 
18 712 941 936 50 152 828 552 926 772 528 203 607 983 556 358 775 960 935 
45 447 431 416 528 367 711 633 871 535 514 644 2 226 585 938 627 88 117 530 13 889 409 567 847 392 123 557 166 82 491 861 528 274 276 56 640 987 688 863 873 553 506 874 130 90 
13 756 177 632 285 542 520 694 108 718 437 582 274 602 
14 765 814 543 390 442 950 29 428 989 891 652 542 397 525 
21 838 40 779 367 671 415 260 542 460 719 259 896 301 885 850 316 649 663 858 390 104 
8 418 883 796 661 534 689 409 411 
12 246 450 490 964 472 904 223 365 716 294 623 611 
44 507 460 261 507 475 118 248 578 277 666 813 425 326 346 113 86 108 824 683 909 665 647 380 921 221 744 636 866 719 246 459 577 58 719 436 532 189 683 461 465 700 273 241 377 
21 354 462 78 529 145 987 194 143 718 114 363 462 749 229 532 346 39 108 403 110 895 
36 298 578 747 114 277 371 355 654 341 60 467 419 588 611 757 133 753 474 598 468 287 346 48 818 44 438 278 798 547 172 84 196 101 182 662 730 
2 368 383 
45 427 849 15 366 812 771 499 564 596 96 383 883 794 430 52 837 220 681 986 766 853 421 314 305 602 327 34 506 694 768 750 120 969 116 837 780 238 335 695 833 783 430 67 576 211 
19 764 430 799 749 548 3 522 861 308 123 539 693 980 232 461 81 703 429 196 
39 560 433 874 254 618 656 683 684 583 894 802 346 675 953 446 222 955 967 434 614 442 972 307 421 203 119 854 257 899 49 796 458 834 21 63 451 28 98 134 
10 991 288 307 665 592 104 239 546 71 672 
12 864 644 170 636 198 640 489 455 538 890 602 995 
25 622 57 877 649 154 10 610 496 649 916 513 240 19 751 138 441 774 1 656 769 170 292 967 809 780 
23 346 21 374 692 95 995 100 971 995 606 333 604 101 333 871 965 573 241 67 62 682 841 62 
37 609 583 980 927 391 112 699 88 132 424 131 579 418 230 549 412 835 233 367 288 566 237 252 490 478 319 903 511 511 964 199 471 546 179 398 288 290 
48 727 421 872 857 999 289 86 900 53 273 484 771 560 401 8 163 242 837 833 144 347 343 107 545 814 4 723 563 291 12 10 369 785 233 225 135 522 663 386 926 935 870 48 846 622 55 8 864 
43 841 7 589 535 466 486 700 821 208 262 112 572 624 832 708 856 57 842 729 719 580 6 5 801 54 850 422 460 857 637 703 49 996 643 584 813 128 283 633 688 897 744 611 
20 576 318 727 984 511 456 54 442 813 58 242 866 259 16 678 467 652 380 516 999 
24 99 811 502 733 444 541 629 539 151 500 466 820 227 449 682 34 854 124 846 911 365 712 521 732 
39 988 384 120 503 734 493 953 545 346 685 988 886 666 526 388 165 992 559 743 792 241 776 646 364 622 908 80 685 429 812 425 416 547 896 270 280 388 222 176 
36 906 163 323 571 41 711 88 384 621 830 527 861 606 172 576 579 432 656 615 212 819 39 627 717 934 248 348 673 469 524 110 726 38 433 649 430 
45 736 813 115 917 340 328 874 863 903 452 294 910 418 857 80 808 835 796 93 82 144 118 550 19 227 276 56 11 276 486 857 11 650 324 279 989 651 153 204 905 956 849 815 374 706 
44 181 540 690 274 622 185 391 523 203 969 150 610 980 425 95 836 787 745 159 66 85 161 218 288 66 525 489 232 898 194 125 431 85 166 704 706 702 446 229 904 414 378 866 745 
5 960 581 941 56 91 
6 493 252 575 132 669 100 
20 900 997 165 376 427 250 542 482 955 243 279 535 499 45 265 364 789 419 675 721 
9 731 812 717 575 415 291 706 435 390 
28 334 739 842 709 517 91 602 999 398 197 629 284 695 673 548 410 462 966 84 182 677 166 345 393 92 111 683 798 
47 425 827 582 163 668 291 679 111 244 29 508 440 658 791 486 330 691 247 143 8 683 677 684 848 373 428 940 484 111 89 732 887 915 314 49 934 956 727 44 199 108 903 991 765 46 828 446 
36 75 589 743 757 617 779 956 989 206 247 824 668 335 556 554 601 869 954 535 824 33 578 22 140 833 364 904 878 192 701 613 618 289 707 374 905 
35 681 246 691 928 69 710 614 624 264 215 492 569 101 315 601 30 689 740 862 52 995 739 595 696 351 212 336 410 937 593 894 618 838 936 545 
6 646 158 530 261 724 373 
29 824 688 430 854 728 521 715 779 516 806 374 211 508 585 898 917 522 490 811 491 327 98 35 585 743 544 466 355 268 
38 184 443 877 965 296 604 485 363 735 1000 520 108 562 27 44 460 944 917 949 106 407 628 555 793 564 650 337 29 4 956 218 539 398 95 855 46 50 340 
10 784 691 279 243 253 657 639 64 952 555 
14 409 314 343 964 458 906 613 794 934 968 101 504 507 499 
50 361 896 999 52 655 783 743 285 377 347 293 15 762 245 570 125 653 235 468 968 692 373 580 838 659 548 938 162 406 788 463 118 683 461 170 689 595 264 325 972 610 618 986 371 862 907 847 866 141 314 
34 185 39 765 22 697 664 311 210 69 99 672 187 133 484 708 822 79 971 498 50 932 115 387 654 328 294 500 194 786 814 379 322 852 143 
45 900 807 6 461 227 104 484 765 588 319 472 761 397 794 259 798 725 373 185 378 53 830 878 246 967 43 624 289 246 118 983 497 276 988 957 503 443 792 619 31 110 443 791 859 236 
1 8 
11 126 192 690 178 373 919 775 340 961 750 628 
6 867 610 702 143 950 10 
47 744 153 615 774 615 57 917 825 645 669 832 957 794 24 646 971 748 917 745 87 877 494 66 435 713 28 488 207 977 850 555 720 354 169 846 968 578 114 792 574 782 976 530 928 351 527 898 
48 443 995 185 320 840 602 106 552 629 593 110 605 794 664 677 148 185 874 467 762 339 259 687 120 586 216 399 936 742 297 33 185 643 569 856 482 171 313 386 799 905 495 756 699 159 784 198 343 
7 664 456 995 274 142 466 859 
9 865 794 450 513 179 986 155 747 193 
38 917 505 373 68 762 220 823 812 730 606 9 72 614 24 879 608 298 372 425 156 80 641 302 881 505 480 219 11 226 411 999 495 268 723 562 381 942 384 
42 671 341 552 94 954 575 324 913 872 695 689 380 774 330 681 7 186 160 225 197 385 987 195 231 606 269 792 986 563 527 177 585 867 80 679 172 655 354 436 878 49 125 
7 174 806 289 532 991 448 756 
37 185 95 733 415 700 2 559 686 564 85 214 148 304 294 178 475 300 532 263 177 932 387 786 457 192 74 989 182 874 744 721 58 190 453 824 890 454 
32 575 17 467 140 517 122 433 694 948 84 225 210 613 156 596 398 613 139 823 953 673 696 48 393 105 238 197 929 127 651 310 53 
19 128 192 535 249 977 229 549 60 805 758 24 313 706 773 277 196 596 229 220 
43 276 612 748 513 809 676 639 811 337 43 181 817 235 716 417 211 296 965 622 452 75 646 764 780 770 392 327 365 620 547 360 248 510 107 760 670 134 751 480 822 793 13 638 
29 80 55 941 375 19 563 178 93 560 294 224 329 685 903 46 657 449 757 904 958 863 15 980 348 765 811 169 910 823 
7 640 902 861 581 628 231 495 
6 324 54 99 899 734 135 
1 131 
41 601 887 694 559 101 709 890 448 825 700 969 86 523 775 726 424 987 306 404 217 800 209 892 205 659 791 290 793 943 421 584 544 659 277 454 760 337 343 559 514 42 
27 599 564 653 676 340 991 333 743 208 484 303 99 688 961 241 330 105 536 750 688 79 760 317 532 871 5 226 
30 518 267 308 469 183 313 496 874 303 829 968 510 312 270 961 352 582 553 33 38 88 134 726 518 893 394 401 764 750 626 
45 268 893 852 88 427 516 935 300 819 763 619 680 427 240 992 130 821 545 162 210 984 295 287 502 187 680 902 302 430 528 846 49 772 50 488 198 565 422 849 735 537 467 415 315 706 
6 444 878 302 957 87 286 
1 374 
37 789 405 40 443 186 567 288 586 690 689 73 239 606 847 87 340 383 905 106 697 962 512 492 839 813 448 278 450 50 3 588 838 759 628 280 297 546 
20 882 588 608 307 826 565 153 265 905 887 169 10 935 131 873 426 321 686 225 950 
37 274 304 75 111 63 54 743 711 599 662 592 186 621 898 364 186 402 628 442 640 796 451 574 278 324 351 951 361 575 252 847 848 556 273 311 970 326 
5 680 277 418 623 814 
38 521 177 575 274 804 16 914 952 467 839 229 142 190 531 854 116 783 52 316 690 325 626 11 2 382 690 278 799 312 92 836 184 268 763 810 424 778 723 
25 596 561 955 89 102 486 942 218 620 346 533 309 670 510 319 671 243 360 301 41 23 744 228 207 363 
40 368 786 120 90 160 715 2 467 156 104 304 449 673 923 794 557 583 463 418 253 486 660 612 138 700 634 881 279 192 243 269 559 29 740 1000 540 806 354 6 961 
9 309 410 481 583 203 389 165 18 806 
17 855 465 380 992 516 366 224 794 557 466 414 468 846 153 819 738 959 
22 95 919 980 756 680 460 338 883 200 855 252 5 623 106 469 3 449 336 368 672 130 276 
37 895 743 335 48 914 72 6 85 518 276 65 273 956 876 963 190 76 817 441 432 791 546 253 793 994 588 160 17 69 788 153 964 530 839 11 795 262 
18 880 780 643 296 404 598 523 366 787 598 534 227 30 325 124 282 469 469 
21 629 485 290 416 990 253 297 180 615 92 442 982 323 573 624 618 976 574 140 694 360 
40 227 939 471 903 414 104 372 235 324 352 719 965 767 60 569 415 240 183 858 681 516 180 253 140 149 228 65 641 273 776 730 500 714 552 754 480 655 125 714 330 
26 784 295 594 844 215 361 83 398 218 763 913 750 367 404 250 946 468 890 219 244 971 718 309 522 471 140 
28 948 853 858 423 637 504 369 480 718 729 562 467 946 676 732 47 42 487 297 987 955 186 557 550 509 626 210 30 
49 350 910 396 554 119 170 542 622 538 373 691 266 934 510 564 961 241 610 354 727 906 693 33 444 249 934 304 875 144 685 323 845 594 718 750 712 887 292 685 425 664 728 42 950 237 605 910 829 215 
16 555 472 308 940 267 556 225 570 430 720 255 104 564 200 173 314 
12 60 957 948 836 620 675 877 569 911 482 831 739 
48 446 646 519 753 937 786 660 161 707 442 881 961 545 796 513 718 461 424 129 417 723 964 37 398 192 957 660 25 787 751 72 584 748 943 336 36 728 348 196 786 789 428 99 333 224 611 402 36 
34 530 453 108 845 489 505 389 797 517 413 584 619 837 167 366 779 855 401 858 202 948 643 990 376 741 674 951 351 76 986 736 957 438 844 
4 278 348 542 75 
16 954 10 834 790 528 551 568 382 951 425 935 899 420 276 626 160 
2 928 511 
29 913 246 685 703 89 838 332 789 379 758 356 685 767 190 826 647 740 394 28 43 170 315 293 589 942 270 101 243 197 
11 971 461 208 8 515 649 845 847 789 576 604 
44 612 723 333 437 369 425 182 748 819 704 414 111 292 356 380 744 598 928 354 921 388 562 928 903 562 124 101 350 699 56 493 310 778 178 99 498 954 280 598 772 983 11 234 627 
16 613 370 316 892 76 236 279 989 515 533 550 638 633 899 689 41 
41 350 170 920 448 668 873 728 617 996 62 979 229 688 697 193 410 12 84 485 599 715 473 113 247 374 750 232 272 438 272 14 788 793 286 587 812 158 314 428 154 728 
7 382 767 103 927 176 466 10 
12 64 724 836 528 323 209 277 554 832 67 177 198 
6 969 483 792 781 992 458 
10 497 185 966 231 951 420 157 479 885 166 
40 300 890 326 827 212 886 456 117 718 522 645 915 727 613 749 870 745 740 327 305 589 511 622 819 814 394 975 292 278 492 133 930 733 810 756 296 696 211 412 765 
34 408 31 162 21 779 32 117 870 710 773 458 573 747 628 386 140 954 29 417 446 161 346 178 971 454 474 18 16 237 782 100 645 812 613 
17 590 644 485 811 706 258 269 278 4 248 663 143 202 43 911 647 203 
9 176 525 414 1 542 429 238 675 880 
34 486 493 602 427 488 86 238 193 343 858 470 698 105 484 840 306 526 103 304 81 711 480 957 124 480 851 904 69 525 784 302 363 276 255 
39 763 341 378 308 35 235 777 733 692 613 924 349 138 26 5 570 88 484 527 563 315 729 467 736 253 250 389 967 877 644 756 991 984 133 298 18 720 75 750 
13 687 674 463 176 51 467 746 139 302 624 53 617 704 
19 352 308 120 740 275 348 383 30 339 718 514 636 736 585 62 837 699 748 862 
12 276 265 980 373 755 282 348 807 250 51 678 953 
8 797 692 632 145 427 13 835 496 
29 470 583 463 532 420 162 631 633 675 906 897 654 630 651 287 977 458 536 27 135 488 737 283 532 368 779 310 733 613 
5 611 435 388 73 966 
9 586 596 791 612 854 40 266 483 690 
4 460 499 440 838 
35 927 926 268 810 294 398 119 378 363 924 988 797 663 412 762 821 998 709 963 961 914 2 578 397 692 482 208 190 921 397 175 199 323 794 9 
18 191 127 345 905 402 332 701 64 743 814 236 92 523 199 405 436 200 982 
34 243 463 743 785 735 140 959 934 814 104 294 781 646 772 477 551 526 160 251 941 254 65 177 698 939 727 102 726 926 83 910 521 898 4 
5 632 495 615 917 308 
18 210 440 363 982 268 265 507 427 516 447 681 932 975 378 870 701 831 947 
29 913 856 499 810 860 803 794 706 417 710 14 486 920 805 200 253 73 465 111 499 332 909 531 263 884 260 484 936 90 
30 914 355 638 412 516 849 566 309 554 334 19 919 171 938 724 371 542 796 835 652 646 518 560 177 780 795 788 615 731 878 
46 644 584 33 408 99 881 325 408 787 11 426 705 181 715 780 551 256 575 737 907 221 606 818 749 385 613 536 351 695 765 747 338 348 779 97 447 12 422 854 150 784 631 206 964 345 986 
17 952 560 955 210 132 561 379 232 297 991 768 648 685 532 746 375 880 
26 823 678 239 596 883 388 379 513 594 695 209 579 561 512 490 867 721 622 427 99 853 724 442 972 723 478 
6 468 204 87 695 27 764 
34 622 646 321 353 510 266 47 70 844 959 581 686 825 653 659 252 751 863 327 544 835 401 374 42 220 577 128 914 603 243 847 577 888 520 
31 749 785 327 818 981 637 750 18 461 402 676 64 504 538 742 48 724 142 421 765 713 349 244 979 304 486 177 232 725 696 512 
23 833 190 642 165 826 391 534 286 144 209 702 648 98 443 47 174 937 819 938 649 167 534 979 
20 19 156 701 744 203 212 568 387 753 562 903 578 304 436 216 448 644 917 447 94 
11 493 267 647 311 556 648 829 89 626 299 108 
33 351 203 336 563 770 722 667 683 625 245 987 412 812 434 408 80 880 501 790 724 119 789 34 674 788 862 115 765 512 222 898 863 776 
35 777 897 306 443 580 282 39 566 46 850 351 453 281 230 953 71 953 423 211 338 96 998 551 562 762 63 783 11 925 910 595 53 807 253 495 
36 886 534 303 931 735 653 383 16 882 687 438 186 109 1000 875 557 349 425 118 462 487 253 473 763 162 67 815 320 671 310 705 557 195 359 487 281 
11 870 648 244 908 437 781 17 436 655 925 784 
30 42 246 918 294 70 681 808 488 847 127 159 156 184 715 702 542 553 335 905 774 982 148 682 419 281 50 854 935 974 990 
14 367 587 932 13 656 964 820 143 810 298 653 318 481 719 
21 375 272 705 279 45 687 778 78 457 410 127 662 345 452 651 710 819 237 993 831 244 
6 650 739 766 299 391 435 
30 110 805 506 733 510 136 129 196 265 207 652 675 685 665 19 137 316 728 955 904 721 137 500 28 138 238 145 436 628 579 
15 89 384 72 173 245 207 302 792 472 508 795 146 544 459 516 
32 774 243 338 30 315 474 529 343 611 766 487 47 745 418 613 186 801 685 358 45 243 659 836 714 518 982 211 414 440 78 445 214 
21 783 595 987 256 123 681 219 240 168 265 336 585 229 521 737 913 231 133 156 889 320 
21 759 301 784 172 740 861 616 305 533 750 899 872 358 373 552 576 964 71 840 300 7 
20 172 743 333 402 227 840 643 546 412 401 198 547 924 290 408 891 594 292 641 845 
13 998 569 715 573 533 137 764 184 144 183 355 238 867 
7 465 58 399 362 822 151 912 
18 74 201 127 964 146 419 956 342 933 953 911 999 877 795 136 992 978 279 
27 684 516 745 440 332 803 190 46 976 340 957 695 413 157 822 729 654 592 684 996 876 637 258 875 865 404 10 
7 733 288 383 416 155 127 208 
37 281 397 884 608 737 840 303 501 348 476 229 1 419 913 348 294 901 957 168 117 360 529 973 92 816 707 860 323 186 67 161 818 463 44 426 551 883 
30 52 582 907 280 934 325 544 282 970 796 238 490 913 950 18 885 393 186 944 252 860 481 318 20 650 781 63 427 331 297 
6 734 878 412 366 163 88 
9 444 410 705 34 899 617 335 268 853 
27 805 148 979 664 628 296 683 630 428 97 56 111 393 562 844 622 325 209 785 765 470 580 174 174 965 424 142 
49 43 994 378 848 494 356 863 473 3 546 102 431 994 158 893 739 71 88 360 395 297 496 511 118 428 684 291 744 459 784 395 502 129 772 701 622 479 563 95 481 460 196 263 454 705 155 192 775 243 
3 522 891 399 
32 8 178 68 650 921 526 433 315 379 913 438 79 535 916 642 981 397 101 176 659 554 233 166 97 7 408 1000 528 298 398 560 657 
27 979 658 847 504 442 514 883 354 951 961 888 867 954 868 615 407 396 273 960 628 790 409 986 197 408 514 846 
7 425 854 83 403 511 281 258 
2 794 492 
6 745 805 545 963 758 413 
27 164 160 201 476 139 991 236 124 539 643 989 385 799 413 238 233 167 101 513 777 52 307 268 709 403 72 254 
15 182 18 293 697 529 845 172 667 835 407 790 374 401 131 110 
1 543 
49 783 62 799 648 838 203 306 457 911 708 529 164 424 62 533 716 758 61 912 930 727 747 688 869 472 441 999 933 991 893 631 126 306 782 773 495 984 78 952 246 137 832 410 560 893 294 627 650 355 
38 931 433 636 619 301 459 59 651 743 401 896 726 526 201 507 650 48 842 727 999 87 215 830 848 126 722 142 752 371 848 642 302 280 629 272 933 440 682 
33 182 82 830 907 960 31 765 609 78 606 688 428 45 902 257 892 28 330 385 131 52 232 124 353 512 753 976 444 544 657 378 725 91 
8 984 402 590 748 10 19 706 49 
46 750 951 54 993 330 735 378 460 786 609 936 491 472 688 466 915 231 475 645 307 917 852 290 318 793 38 679 811 95 728 608 844 30 661 188 359 395 565 170 532 526 105 22 997 144 840 
14 726 314 908 33 582 111 674 899 903 63 577 713 157 656 
22 352 685 684 540 395 430 104 565 961 981 21 983 330 165 822 593 890 487 852 274 68 314 
50 318 216 362 246 280 519 902 951 870 586 634 761 333 63 217 897 375 197 917 357 526 81 530 118 323 368 321 948 435 634 247 104 201 961 350 480 479 251 782 700 188 767 813 520 181 29 768 556 225 685 
12 751 117 794 220 791 161 893 91 948 526 689 51 
27 649 752 558 479 354 692 531 894 458 343 413 639 371 533 194 595 569 457 697 37 250 917 828 763 161 270 710 
36 958 112 764 607 864 674 85 217 365 967 110 822 309 875 460 679 407 5 626 327 462 322 363 63 590 542 825 750 811 886 788 121 350 551 727 213 
26 163 781 940 130 243 762 790 117 573 469 875 930 446 201 391 767 915 805 709 457 982 810 619 867 597 739 
16 500 465 780 75 980 561 15 461 803 128 250 271 52 70 145 981 
15 697 723 634 963 528 694 419 509 503 38 727 100 776 295 951 
43 74 25 924 986 391 384 788 518 985 410 570 407 906 902 273 602 977 906 917 856 599 335 716 454 724 442 553 500 88 503 444 162 879 367 147 270 102 287 139 86 696 708 492 
2 962 765 
5 938 22 471 145 973 
8 860 426 881 653 330 732 741 184 
25 902 62 541 400 683 642 686 822 80 734 881 923 687 194 687 593 131 61 416 627 33 573 486 810 805 
39 139 537 879 674 711 132 87 604 531 770 597 569 591 676 654 823 599 692 17 637 284 499 697 699 126 81 623 611 890 780 101 380 316 979 53 378 462 140 981 
43 261 578 913 851 605 566 25 203 609 41 192 892 540 888 943 665 321 917 275 562 696 376 942 11 706 346 389 168 837 721 512 97 650 424 299 255 341 324 457 949 364 1000 192 
3 888 134 919 
10 403 546 121 98 273 62 461 978 760 201 
47 596 921 8 693 923 783 991 177 475 666 985 775 382 985 967 636 224 452 555 783 854 100 903 304 372 317 764 701 76 316 198 671 236 557 715 510 340 58 686 814 723 23 589 104 7 907 740 
32 358 646 364 564 745 618 867 468 934 982 168 361 297 717 32 884 274 98 394 613 155 431 778 230 453 366 333 811 624 424 392 982 
19 107 897 165 725 763 632 658 744 152 371 392 868 402 275 141 851 668 105 6 
49 883 587 903 600 919 714 224 695 105 557 115 564 453 632 288 567 263 297 662 766 667 53 634 420 679 126 271 347 231 628 797 465 214 699 64 484 764 287 178 221 195 645 784 647 276 71 565 890 367 
26 656 386 630 641 805 309 118 427 7 700 54 803 164 267 853 228 751 617 866 280 189 61 276 972 59 551 
42 624 793 760 201 800 145 831 440 302 139 909 728 145 609 782 299 772 400 503 999 502 471 865 134 659 277 409 630 335 312 23 310 104 135 511 903 631 341 694 932 831 602 
12 327 210 145 977 982 544 479 980 46 950 196 179 
8 472 939 590 159 250 964 468 353 
48 978 607 81 670 300 12 852 902 375 178 463 519 154 444 415 985 776 460 934 323 990 893 795 928 834 305 530 798 772 882 247 102 841 327 771 140 691 975 393 65 152 856 584 658 651 998 994 426 
9 927 749 150 171 895 429 5 551 958 
4 322 192 400 775 
32 727 898 171 417 872 564 833 375 771 416 32 421 765 25 847 925 303 947 426 826 193 855 182 743 812 335 416 3 86 191 34 812 
38 205 580 959 120 413 333 242 180 717 662 297 93 860 221 748 158 647 573 350 501 754 444 664 88 860 667 173 402 700 337 489 256 916 799 727 680 131 968 
10 199 982 156 292 193 728 39 351 726 963 
2 578 716 
48 242 155 707 260 679 108 311 367 948 567 283 746 645 314 228 965 173 427 298 680 70 490 760 460 840 485 422 244 415 137 91 8 643 149 267 321 608 577 688 555 495 322 652 140 635 879 456 160 
7 753 191 78 242 950 537 434 
37 958 677 553 94 119 560 736 267 178 409 874 754 96 780 601 769 431 740 755 661 547 266 670 299 457 747 892 758 284 325 896 241 353 448 687 471 7 
