48 293111 5 3 6 13 10 10 7 1 11 8 15 0 15 1 17 9 12 2 12 14 8 14 9 18 7 1 8 13 0 11 4 5 15 11 10 5 13 17 18 16 5 6 17 13 7 6 2 19 
30 25865 0 12 6 18 19 7 19 12 7 10 17 4 5 0 15 3 5 4 1 1 2 7 10 15 14 16 9 5 8 15 
42 21690 0 19 19 8 18 12 7 9 1 4 6 13 19 9 10 15 3 11 17 2 14 4 9 2 5 6 11 13 1 12 13 1 11 4 9 2 8 9 11 9 5 9 
14 238411 4 11 14 8 1 8 2 17 17 16 3 16 7 8 
17 20511 18 3 17 0 17 6 1 8 15 6 9 2 2 0 6 13 6 
16 249415 0 12 4 17 7 0 4 7 17 8 8 8 11 17 8 8 
23 29498 11 15 9 13 17 2 11 2 8 18 17 15 18 1 0 7 0 12 12 7 10 0 7 
18 24434 18 3 8 7 3 19 14 4 4 11 6 15 13 15 5 2 10 16 
25 28623 7 15 7 6 17 19 13 7 14 10 5 9 10 4 12 9 18 17 5 1 3 12 6 10 18 
41 23936 16 15 1 16 2 9 2 19 0 16 18 15 18 3 4 8 19 9 9 17 18 14 10 1 6 17 4 16 18 17 14 6 12 16 2 15 17 5 6 17 13 
15 204411 0 9 11 12 10 0 9 8 14 12 1 12 9 5 9 
7 224215 5 7 11 8 14 8 5 
10 253810 17 2 13 10 3 4 2 13 4 3 
3 205015 15 14 16 
20 275515 15 11 1 2 2 1 16 3 18 8 13 8 18 15 13 0 11 17 2 4 
3 299718 15 13 5 
39 258917 5 5 12 16 18 6 10 19 2 13 17 3 6 17 13 14 10 13 5 19 7 1 12 4 11 7 9 16 8 11 14 13 8 6 9 18 5 0 17 
29 20656 2 4 15 7 18 5 0 15 4 19 16 8 4 8 7 5 16 15 8 10 9 16 9 10 14 14 2 3 13 
18 23418 4 16 15 2 1 16 17 17 7 5 17 11 13 4 9 2 12 17 
32 23416 13 3 12 7 6 16 1 6 9 1 10 6 16 4 19 4 1 17 12 18 14 15 4 11 4 6 3 14 18 16 0 12 
29 201211 17 0 4 3 10 5 5 8 2 9 7 18 2 4 10 1 11 6 5 2 2 3 17 16 13 13 8 17 4 
13 22892 13 13 17 15 11 3 3 5 12 3 3 15 7 
6 204810 4 5 12 6 8 9 
45 218114 3 19 11 16 8 13 2 13 2 9 4 17 5 9 2 8 13 9 7 11 17 18 15 2 2 1 10 4 8 11 18 12 10 9 0 10 14 14 4 9 16 0 6 1 2 
18 26017 9 8 18 6 18 13 0 1 14 10 5 3 14 15 7 16 17 19 
19 212314 3 12 10 15 11 3 17 11 4 4 1 4 2 19 3 15 0 4 2 
40 238117 16 8 16 13 5 15 12 9 1 7 13 11 14 4 6 12 8 2 8 9 7 3 8 10 10 8 6 4 11 19 1 7 7 9 12 5 5 16 6 6 
25 211910 10 16 16 14 4 19 14 5 18 17 13 0 8 14 18 12 5 17 6 4 16 15 9 1 12 
35 273911 13 19 1 15 7 9 9 11 0 3 8 10 13 1 10 1 7 8 5 12 17 11 9 14 19 18 7 11 15 7 2 8 18 15 3 
5 25574 8 17 0 16 8 
23 248910 14 17 19 11 1 16 3 10 2 14 0 10 5 8 17 0 8 15 15 4 12 12 8 
10 28028 16 2 13 5 12 19 14 3 11 16 
22 248618 14 0 19 16 17 7 13 17 15 0 5 19 12 17 0 12 11 0 0 13 14 18 
38 299312 13 4 0 5 2 19 12 2 10 8 0 9 14 9 4 14 14 16 19 12 16 3 15 8 16 1 2 14 11 8 18 4 4 11 2 7 10 14 
9 243214 1 1 0 11 17 7 5 13 6 
29 23411 17 10 17 18 4 3 9 12 14 5 9 5 7 16 7 13 17 19 0 11 0 0 2 17 7 19 3 5 1 
4 220718 6 4 8 3 
48 28977 2 14 16 19 14 12 6 7 2 17 19 13 17 0 7 6 19 6 9 5 19 6 12 17 4 8 5 7 8 14 15 2 9 3 1 3 16 19 2 10 16 14 3 13 14 10 12 5 
8 235310 8 19 14 17 4 15 15 3 
33 230110 6 2 14 19 5 2 19 0 12 15 14 7 1 0 17 5 17 17 18 0 17 18 14 7 14 1 2 9 5 15 0 3 18 
34 245415 8 13 15 0 1 1 7 14 13 16 19 11 5 17 11 3 7 17 2 1 19 16 3 16 11 3 19 9 9 13 5 17 19 12 
39 201214 16 6 19 4 5 10 9 14 13 4 2 11 18 15 2 14 18 18 6 13 9 15 14 14 12 11 13 5 12 5 11 0 3 10 4 0 13 6 15 
36 28829 9 1 16 11 15 15 9 1 0 10 9 15 5 1 18 18 18 11 16 9 11 11 12 16 12 5 14 19 3 16 0 13 17 16 16 13 
3 29466 4 8 7 
11 28739 9 4 19 0 0 1 12 3 13 0 7 
38 21946 1 10 18 6 8 15 3 13 10 1 19 6 9 7 17 3 8 7 7 7 7 19 0 19 2 13 19 2 11 13 0 5 16 19 11 4 6 14 
49 273615 8 3 5 7 0 0 7 7 7 7 7 18 7 6 12 1 18 14 4 3 15 9 19 14 13 15 12 7 4 8 15 5 3 12 12 4 12 12 3 11 19 10 1 6 9 13 7 7 8 
2 275015 13 2 
1 274617 13 
6 21621 13 19 17 17 3 13 
21 221516 12 14 19 5 1 8 18 0 7 18 4 9 13 10 11 14 16 9 7 14 3 
31 28992 18 16 17 11 17 13 19 1 7 10 6 0 18 5 13 17 15 17 7 1 7 10 15 16 11 15 2 14 8 14 8 
36 241018 9 0 11 0 1 10 11 0 3 1 17 16 19 12 5 18 13 5 8 1 13 0 16 15 6 4 9 7 2 12 5 3 12 8 3 5 
38 26945 1 16 2 9 7 15 15 17 0 0 5 1 5 17 9 0 16 5 2 15 7 6 12 2 18 0 6 15 10 12 1 4 8 15 13 7 2 0 
44 256312 2 16 17 11 6 10 7 11 12 14 11 10 6 13 0 18 11 15 9 4 8 5 4 4 18 4 6 11 8 9 3 10 18 13 14 4 3 13 7 7 8 18 17 6 
24 20975 7 12 6 11 13 11 8 17 1 12 15 12 12 17 8 15 15 1 9 19 16 2 6 3 
20 233712 9 13 1 14 0 5 12 4 18 3 12 15 4 16 3 9 8 0 17 15 
45 27104 14 6 7 12 1 9 9 5 18 2 6 4 15 11 16 19 10 19 3 17 16 19 0 5 19 0 2 7 15 4 11 1 10 10 14 3 0 15 8 10 10 14 15 5 17 
3 26247 3 19 17 
1 21909 16 
29 240210 16 9 14 0 11 16 10 17 19 2 4 7 5 14 13 12 11 10 15 7 10 10 6 19 1 16 8 17 18 
30 25596 0 13 6 3 1 9 0 0 11 4 19 8 11 12 0 2 15 16 10 5 6 8 4 8 5 4 17 3 15 17 
39 24352 8 18 4 17 10 16 0 6 16 9 9 0 9 4 15 17 14 12 16 14 8 16 19 13 5 14 8 2 16 15 17 4 5 13 1 7 9 13 5 
25 226215 6 4 19 13 13 5 18 9 19 6 17 11 19 3 5 19 5 13 6 14 17 3 7 10 10 
47 284416 14 18 3 12 14 2 6 8 7 16 9 6 2 7 9 14 10 15 13 7 0 12 14 18 15 1 0 18 10 16 6 5 7 9 9 1 11 7 1 18 3 3 16 6 10 6 0 
32 21335 11 13 17 5 3 13 19 16 3 9 12 9 6 19 18 16 13 1 3 14 19 19 17 7 5 19 5 5 11 10 2 15 
26 27000 19 5 11 15 8 1 0 9 19 19 19 7 12 0 3 19 19 2 8 18 7 8 16 4 11 6 
16 29662 18 19 14 15 10 9 15 3 9 4 15 1 3 2 5 3 
35 299614 19 5 5 6 13 1 2 16 7 1 15 10 19 6 4 15 8 5 2 4 7 7 19 0 2 13 5 6 11 2 12 10 19 17 17 
22 201819 0 6 12 15 8 12 1 4 19 10 9 1 14 8 0 5 8 3 18 14 1 9 
18 26130 7 3 9 11 1 0 11 19 13 19 19 5 12 3 16 14 13 9 
28 271310 5 2 13 4 16 14 5 16 19 17 3 2 6 14 16 7 17 7 0 16 7 17 9 10 5 3 15 14 
24 28494 1 11 9 17 19 15 3 15 7 0 10 9 7 16 17 6 13 5 18 2 12 7 3 2 
44 249810 18 14 19 15 16 2 4 13 1 0 8 8 7 9 18 8 8 14 18 6 19 3 4 1 7 3 16 1 7 15 11 5 1 2 12 17 4 17 3 17 9 11 17 8 
12 20558 12 1 6 18 1 1 14 14 8 17 11 10 
34 26181 2 19 16 14 9 12 3 12 10 4 15 7 4 0 15 13 12 8 11 11 9 13 5 16 1 15 19 11 11 17 5 5 8 1 
12 249713 15 1 15 12 9 15 16 9 2 1 1 10 
13 262412 6 10 8 19 17 19 3 8 8 0 14 16 13 
36 23266 13 19 14 5 8 1 14 9 3 15 11 5 8 15 17 6 17 17 18 14 16 1 3 16 13 9 13 6 15 11 4 8 10 18 6 11 
29 22000 14 15 11 0 16 19 17 14 16 7 12 3 15 5 6 12 18 15 5 4 2 8 9 2 18 19 8 9 11 
10 29105 8 13 5 4 12 15 10 1 2 3 
24 23890 2 1 11 17 18 7 11 6 8 13 17 8 2 6 19 14 8 16 2 14 2 18 6 9 
29 27793 4 3 12 16 17 6 7 14 4 15 5 3 3 11 0 3 13 18 14 19 19 11 2 13 5 12 11 14 1 
31 241717 6 1 14 4 7 1 10 12 8 8 7 12 19 7 7 4 17 2 3 16 13 5 9 18 18 1 4 11 4 1 1 
10 292215 14 2 8 17 14 17 5 13 1 4 
12 24688 9 10 11 6 3 9 15 13 19 8 17 2 
22 22103 3 5 10 9 7 19 18 13 16 3 6 9 19 18 17 19 7 8 3 5 3 12 
33 22693 1 18 17 6 9 1 1 6 3 2 13 2 1 18 10 4 4 19 16 14 9 15 13 17 18 19 12 2 4 1 5 5 0 
13 28311 16 4 7 19 7 12 14 8 10 4 4 14 16 
0 23805 
46 291314 6 4 6 9 8 0 6 6 12 1 9 13 9 14 12 9 1 4 15 9 14 11 5 0 7 6 0 4 14 5 18 12 10 17 1 18 9 8 16 1 1 6 6 11 0 10 
40 287314 7 2 0 18 19 0 6 17 12 2 11 17 13 4 19 10 17 10 11 17 6 12 19 12 10 10 4 12 10 17 6 9 11 18 7 11 10 5 8 2 
18 269211 1 8 11 3 5 1 14 3 19 18 2 12 0 12 16 12 14 14 
20 27235 8 10 8 18 8 17 12 16 9 15 9 17 18 4 14 19 18 17 11 8 
41 25038 3 11 0 9 5 2 4 3 10 7 11 0 15 0 4 3 1 19 12 10 18 16 5 9 6 2 0 14 14 15 14 9 7 14 11 4 8 15 19 18 2 
13 221017 3 14 0 5 5 4 15 15 12 0 17 18 15 
29 26521 5 6 2 4 12 13 8 0 9 0 10 3 3 12 1 6 18 13 3 4 10 19 11 2 11 8 1 18 18 
35 233915 4 14 19 8 7 19 1 8 19 11 12 2 4 5 9 2 18 12 18 8 3 10 11 7 10 4 5 8 9 17 3 5 11 14 14 
8 285415 7 5 18 11 8 14 16 9 
9 286613 7 15 17 9 18 16 0 14 1 
40 217518 16 1 9 10 15 0 16 10 19 2 0 10 10 15 18 11 4 4 4 3 11 13 13 1 9 5 15 11 5 11 1 1 4 3 12 19 3 0 1 14 
22 24814 4 8 2 15 12 18 0 16 10 5 1 3 15 6 19 18 3 2 11 5 6 14 
19 289717 9 18 11 12 11 7 8 0 1 4 4 12 16 12 2 1 13 5 8 
11 209618 15 10 10 0 16 16 1 13 14 10 3 
27 253415 17 3 7 10 19 11 2 15 4 16 8 9 14 9 1 10 19 16 1 1 8 9 18 9 3 4 11 
48 29336 13 10 1 0 13 0 4 15 7 8 12 7 17 6 8 18 8 8 6 1 1 6 11 19 15 6 3 7 4 9 5 10 19 18 2 4 18 6 0 17 14 12 16 4 10 5 14 18 
15 24130 6 19 3 18 15 9 13 14 13 2 11 15 14 9 18 
28 27594 18 8 11 2 4 7 4 1 1 3 6 14 15 5 14 18 15 1 19 8 7 12 11 18 8 17 19 18 
35 22582 6 18 13 0 2 0 5 16 14 0 14 0 7 19 6 5 14 19 16 15 6 8 18 16 8 15 7 6 2 17 1 0 15 6 1 
20 287918 6 13 18 0 13 17 12 12 14 18 11 10 13 18 10 11 6 19 6 14 
7 204111 18 1 7 17 2 17 16 
32 28759 2 15 14 19 7 6 13 6 10 3 11 0 14 3 6 5 1 12 2 2 4 13 16 3 10 10 12 18 3 7 7 5 
32 29135 2 12 18 0 2 14 11 2 8 14 8 13 16 1 7 10 17 12 6 0 14 17 12 12 0 11 19 17 5 5 2 7 
7 23137 19 7 19 13 7 5 13 
0 24536 
39 26443 12 2 15 18 11 19 11 3 10 2 1 16 7 15 15 16 8 3 7 7 14 0 14 19 14 6 13 0 18 9 16 2 3 11 0 7 11 11 10 
13 20343 9 13 19 5 10 19 0 17 7 14 10 13 5 
24 271210 16 10 11 4 12 7 16 12 14 19 16 4 4 10 8 6 15 19 3 5 18 3 15 17 
19 20453 6 1 15 17 9 17 0 14 9 7 2 13 1 13 9 18 17 11 18 
43 282717 6 4 7 1 19 17 10 16 12 17 9 7 6 19 16 6 5 17 14 7 10 7 0 12 5 9 3 3 13 2 12 11 7 0 13 18 9 3 15 1 12 4 0 
18 247516 5 0 5 11 19 15 18 19 19 4 1 15 19 14 17 12 5 16 
44 235815 13 14 2 6 6 18 6 5 14 14 2 14 19 5 14 6 3 5 18 19 6 13 19 12 10 3 10 19 19 0 14 4 14 8 10 1 6 8 18 0 14 12 7 5 
37 217311 12 10 9 4 9 14 15 13 17 18 3 16 17 4 2 1 10 10 3 3 8 11 13 9 17 5 8 2 14 13 13 19 15 15 3 4 1 
48 227018 8 13 14 17 9 16 10 0 18 13 15 7 16 9 8 13 6 8 15 13 1 0 12 16 7 7 13 9 5 3 7 5 8 2 2 10 10 12 10 9 5 17 8 1 6 16 6 13 
44 20216 17 1 10 5 9 17 18 10 14 13 17 19 2 11 1 12 2 5 14 3 2 11 3 15 10 19 1 15 15 2 1 12 15 3 17 16 0 8 6 14 1 4 5 15 
35 23267 9 3 13 4 5 17 7 0 7 18 1 2 5 15 15 9 10 18 19 7 18 7 13 4 0 9 9 16 17 7 15 6 2 9 3 
47 22862 19 5 13 12 7 18 19 2 8 9 12 7 8 10 6 14 6 6 3 7 14 12 6 10 11 8 11 14 15 9 8 6 14 1 18 1 12 17 15 0 18 7 19 19 9 17 5 
25 22550 14 10 13 0 12 4 8 3 18 15 12 18 13 18 0 11 19 12 0 6 4 10 13 15 9 
22 277214 9 19 15 15 9 0 15 1 4 15 16 2 10 0 12 15 18 12 6 9 16 18 
45 25000 0 7 2 2 11 8 3 11 15 18 0 15 5 14 19 0 2 13 2 3 6 17 13 18 15 3 15 13 10 7 6 11 15 8 5 6 16 9 9 12 19 10 7 5 16 
47 242518 0 0 13 18 17 19 17 13 2 4 18 12 3 4 15 10 12 1 9 1 10 18 13 1 0 0 6 16 19 4 7 0 4 12 18 1 11 7 6 5 3 17 10 19 13 5 9 
18 296618 19 8 9 12 10 9 12 16 18 12 12 17 4 16 1 14 10 5 
44 242810 17 5 12 16 11 18 18 9 16 8 8 5 17 0 7 19 4 15 9 8 8 18 4 16 19 11 6 4 5 7 7 14 4 19 11 15 9 1 4 6 9 12 3 19 
24 244210 1 17 19 1 17 17 6 14 8 17 12 5 2 19 12 16 4 3 19 11 5 12 16 11 
2 23606 13 17 
40 258318 17 14 19 15 3 5 9 11 14 13 8 8 13 12 5 9 16 16 0 1 9 8 4 3 9 2 8 18 2 11 16 11 17 15 6 0 13 7 3 19 
41 28728 6 4 5 7 12 1 7 5 2 8 9 17 9 3 5 7 17 8 3 9 5 10 15 5 15 15 9 15 8 13 15 14 17 0 1 2 13 0 7 16 8 
29 25659 12 11 16 10 11 11 19 17 14 6 14 1 13 15 8 1 8 3 15 18 3 8 0 17 9 7 5 9 8 
20 20311 13 7 3 5 11 2 14 17 0 8 18 14 4 7 7 12 10 3 2 6 
13 29223 4 2 8 6 10 10 17 3 4 16 6 9 19 
40 256316 1 3 7 7 7 14 14 12 16 9 14 14 5 9 17 9 11 17 15 13 8 12 17 12 1 3 13 0 16 8 17 17 11 4 16 11 10 2 3 18 
42 200913 9 18 2 18 1 12 6 15 0 10 12 4 11 7 9 12 3 17 1 12 0 17 0 3 7 3 18 17 7 8 2 16 6 17 6 0 9 12 15 9 3 19 
5 239418 14 18 2 3 19 
16 247516 7 19 15 2 17 5 1 17 7 17 16 4 3 16 5 16 
11 216611 2 11 5 0 17 4 14 0 15 1 16 
14 27407 11 14 16 16 15 14 16 4 10 12 7 6 18 15 
29 29246 11 16 4 11 13 0 6 6 15 19 14 11 11 1 3 5 9 11 0 3 7 4 13 0 3 11 18 19 0 
32 285711 10 1 3 16 1 9 2 9 0 8 0 11 1 3 16 10 7 8 14 14 4 19 14 7 11 4 18 3 19 8 15 1 
39 285817 11 19 11 0 19 19 12 10 12 8 18 3 15 6 9 9 2 8 16 1 11 12 0 15 11 8 2 13 9 0 2 0 11 14 12 2 5 5 4 
8 28332 1 0 0 10 9 2 10 17 
45 257410 7 1 1 7 3 6 17 15 9 9 18 3 2 0 0 19 4 18 4 18 11 4 18 13 5 12 4 3 7 10 13 15 3 6 2 6 13 11 13 14 1 11 9 15 11 
49 29267 8 2 5 19 6 3 5 3 7 1 6 6 11 11 13 14 18 8 12 3 19 17 17 12 8 6 7 11 15 13 18 15 7 3 7 13 18 12 17 5 13 15 3 16 7 17 2 17 5 
14 21204 11 9 17 11 15 16 2 2 2 0 18 9 15 17 
25 28731 4 10 14 19 5 10 18 2 4 7 7 10 19 4 1 8 13 4 3 9 6 18 3 18 8 
3 23455 8 10 6 
14 206012 15 17 14 14 0 18 13 19 8 13 3 1 1 8 
45 241718 3 7 13 13 15 6 18 12 6 8 18 10 0 2 18 17 16 4 17 6 17 17 14 10 12 7 4 1 12 13 11 7 0 4 0 15 3 18 19 1 18 9 4 18 11 
2 298719 6 5 
45 226314 11 6 18 18 2 11 2 15 14 1 7 19 1 2 14 11 1 7 9 10 11 19 13 5 6 12 11 3 9 7 9 0 5 0 10 7 11 12 14 6 13 1 17 6 3 
31 253716 10 18 18 2 9 3 7 7 15 11 11 4 10 12 16 15 12 6 14 4 10 8 10 3 9 19 1 4 2 10 12 
32 230010 14 9 13 14 16 0 17 19 16 7 12 12 2 4 10 16 0 0 4 2 15 5 1 16 9 3 6 1 8 6 3 14 
37 28888 15 8 17 15 16 4 19 8 18 3 18 6 16 10 2 18 5 7 12 1 16 7 19 9 15 17 12 10 4 12 10 19 12 8 6 8 4 
25 20683 1 18 9 17 8 4 15 13 11 19 6 0 7 5 9 2 2 14 4 18 18 15 18 11 15 
6 267119 2 0 14 3 10 16 
20 25110 7 4 11 7 3 3 14 0 5 8 3 19 13 13 9 0 3 0 15 0 
32 23062 4 1 17 14 17 17 5 17 16 2 0 3 17 4 9 17 9 18 0 0 3 14 9 3 9 2 10 9 14 8 3 10 
39 204016 18 17 14 7 14 16 8 9 13 12 19 10 13 9 3 13 4 9 14 7 18 16 9 0 2 17 3 4 19 4 1 17 1 15 5 7 3 5 9 
48 29490 18 2 9 13 7 13 14 13 12 5 2 13 5 4 2 8 1 1 12 2 11 6 9 8 5 12 13 14 0 14 6 10 8 15 4 7 0 10 0 4 15 2 17 0 19 0 1 0 
3 294514 16 3 3 
24 262915 9 15 7 3 2 17 3 9 13 10 2 4 11 6 19 5 16 12 4 8 5 16 1 10 
0 205814 
25 233415 12 4 10 19 19 4 17 3 6 2 5 8 6 16 14 18 14 2 2 10 10 7 7 4 17 
49 26143 7 8 18 19 4 1 19 16 5 8 19 3 10 16 11 17 13 18 7 19 0 9 9 3 8 8 7 17 10 13 1 17 1 19 8 18 0 7 14 18 7 5 13 18 1 5 7 6 15 
4 22057 15 7 10 15 
35 240912 17 2 13 6 16 5 15 14 5 14 8 15 2 13 9 0 14 6 19 1 1 5 18 8 12 5 11 7 1 0 19 18 3 13 5 
9 271812 5 15 6 13 3 8 6 4 0 
12 237011 5 3 16 4 11 8 9 14 7 2 15 7 
43 263012 10 1 2 14 6 9 0 11 12 1 9 16 13 1 18 5 19 1 13 15 5 14 4 19 1 19 6 8 4 8 12 6 9 14 0 7 16 0 18 8 13 7 17 
37 284115 12 0 9 5 15 14 19 11 5 13 2 4 13 18 12 6 4 2 12 4 1 8 17 0 9 10 19 6 17 12 13 1 4 14 19 11 0 
0 23236 
13 253710 9 16 14 15 12 16 19 9 10 0 6 2 9 
8 20817 18 6 12 11 10 7 10 2 
27 295317 5 8 14 7 17 2 2 4 7 10 4 16 0 4 14 2 5 14 16 12 12 2 4 4 4 11 6 
46 227111 15 16 0 2 4 17 4 18 2 3 8 6 19 9 2 13 3 7 0 11 11 12 5 15 8 10 19 7 8 10 18 4 18 18 6 14 8 2 12 10 6 1 8 5 2 10 
11 22979 11 1 12 15 6 7 16 8 18 3 17 
10 245313 11 4 19 5 12 13 10 2 19 3 
30 231717 12 0 14 13 3 15 5 10 14 4 6 2 15 1 11 15 7 4 6 11 15 4 15 9 14 17 0 9 19 9 
26 24431 0 16 16 8 13 7 2 9 5 16 4 19 8 0 18 12 18 1 0 14 16 1 0 13 13 9 
44 286315 7 16 8 15 13 16 0 12 10 9 9 6 14 8 14 6 18 19 16 19 11 11 15 12 11 8 5 13 4 0 0 11 17 8 18 10 16 18 14 18 8 3 5 14 
32 29710 2 2 16 2 13 7 17 17 11 18 3 16 2 3 16 6 12 17 4 14 13 15 8 12 3 12 9 9 16 12 9 18 
15 22650 0 5 18 18 8 16 13 16 10 8 12 16 1 9 1 
35 20238 4 7 3 16 16 12 12 8 1 2 15 18 3 16 3 13 6 3 1 19 19 11 7 12 8 8 13 1 4 8 9 0 15 12 16 
43 24240 4 17 14 19 15 17 7 11 2 13 14 3 12 14 15 12 18 15 0 3 16 16 12 17 16 19 1 4 15 5 16 19 14 11 10 9 0 18 0 3 11 15 18 
36 222113 8 11 0 0 14 8 9 18 5 17 10 18 2 5 15 10 4 9 13 14 19 14 4 11 9 16 18 7 4 19 13 4 2 5 4 9 
24 225319 11 11 9 10 5 14 5 7 10 15 1 17 6 7 1 17 8 17 16 7 13 7 0 17 
40 201814 11 12 19 10 3 2 0 5 19 14 3 7 17 18 0 14 16 19 15 13 19 5 1 6 18 9 19 8 11 17 2 2 9 1 12 4 16 4 2 15 
21 20652 8 15 14 2 11 13 17 4 4 14 6 11 13 7 10 13 18 19 15 12 0 
38 27844 16 1 18 12 12 3 6 0 18 1 14 9 6 3 6 11 18 4 2 3 11 4 16 1 3 3 13 15 3 9 19 0 10 10 12 2 13 18 
4 211211 8 13 18 12 
31 244110 15 3 5 18 19 1 19 14 16 12 9 19 14 0 11 4 10 3 7 16 14 13 8 5 2 13 15 6 5 16 8 
20 219113 11 2 14 10 16 2 15 17 1 1 18 13 5 0 8 4 16 14 18 16 
40 27922 7 18 7 4 6 19 15 19 2 18 5 13 6 7 0 4 0 1 14 5 18 6 6 3 15 0 13 3 12 5 5 0 15 4 16 13 16 3 12 18 
3 23893 0 8 15 
36 27608 2 18 7 0 4 2 15 16 15 11 1 12 16 1 7 13 9 0 9 12 4 19 6 5 3 18 5 18 6 17 7 0 15 14 0 11 
38 26488 3 19 9 7 7 2 6 12 11 18 1 15 2 1 13 19 16 11 16 14 9 13 13 9 9 19 2 0 7 10 0 2 1 1 9 0 3 15 
23 234613 14 2 7 7 15 18 3 19 14 10 8 8 3 10 17 3 12 9 10 14 10 13 15 
21 225415 7 10 8 13 15 15 7 15 14 15 13 10 14 8 0 14 16 3 4 5 18 
46 28341 10 16 6 17 0 0 13 7 2 13 12 18 0 0 5 7 7 18 17 1 18 17 15 14 12 12 11 3 8 18 4 11 14 10 8 6 10 13 13 13 19 18 3 19 18 8 
16 227718 15 18 17 4 5 3 17 17 15 12 18 5 16 9 11 6 
19 22788 3 11 13 2 9 8 13 19 8 12 16 7 7 6 4 12 4 19 1 
21 218613 11 11 1 12 3 7 2 13 15 17 16 1 19 18 9 4 9 18 16 18 5 
34 20641 8 8 12 1 2 19 6 5 2 7 18 17 14 12 10 1 9 7 14 0 17 4 4 6 2 1 4 19 17 9 12 17 9 4 
8 220315 16 1 18 3 19 7 9 3 
48 200212 17 17 12 14 1 8 0 15 9 5 6 18 6 18 15 7 2 5 3 10 1 4 8 16 15 15 5 18 5 8 10 14 5 14 8 18 2 1 13 4 18 19 2 16 9 10 3 3 
47 272613 1 2 1 17 17 9 3 15 6 11 17 1 8 3 9 6 6 2 11 2 0 2 16 16 11 6 12 14 6 18 8 7 13 1 4 10 2 7 6 9 10 15 10 10 19 11 16 
35 267419 7 6 1 15 3 4 2 15 19 8 5 19 15 18 12 11 9 7 11 7 16 1 2 18 12 1 9 0 18 3 0 17 10 13 13 
25 20987 12 9 15 9 0 2 8 4 5 9 11 16 8 7 10 2 5 2 16 15 14 14 10 6 12 
12 274017 9 10 4 1 19 11 11 11 5 11 15 10 
12 288719 12 14 9 14 12 3 10 19 17 17 1 4 
21 217416 18 3 6 14 17 17 5 0 8 2 11 3 4 15 10 3 7 17 12 13 1 
47 25040 5 1 1 1 2 7 17 12 3 3 6 12 0 3 12 8 5 3 3 1 10 6 5 17 3 9 10 16 17 6 16 14 19 9 15 13 9 12 5 12 7 3 4 19 6 8 7 
43 29512 5 13 8 2 2 3 11 4 19 0 11 7 14 2 9 1 16 18 5 13 2 12 17 18 11 3 6 10 19 9 5 4 2 13 6 4 9 9 8 0 10 11 0 
46 24749 18 10 7 15 15 1 0 12 19 11 8 17 14 7 6 11 3 8 16 9 4 5 18 4 6 0 16 18 9 2 7 7 4 6 14 19 7 14 12 18 18 0 15 4 19 1 
35 20621 11 11 17 9 1 1 7 14 17 5 3 19 12 2 3 18 16 3 17 11 7 7 1 7 2 5 18 15 0 0 16 3 3 13 12 
26 232619 10 4 4 5 15 16 7 11 6 16 14 15 19 13 2 0 12 4 5 10 11 17 10 19 0 13 
34 24739 11 12 12 15 9 17 2 17 17 13 16 13 19 11 4 12 6 4 4 2 1 14 14 18 16 13 10 1 18 3 3 9 8 7 
36 25694 18 6 13 4 2 6 3 6 2 16 12 6 12 14 19 19 0 17 7 14 8 9 4 3 4 13 3 11 1 12 15 11 11 9 15 5 
27 28793 10 7 15 8 19 2 8 10 2 17 18 8 17 19 12 1 3 17 16 14 10 1 1 2 12 10 17 
19 22908 13 12 15 8 12 7 2 0 9 17 10 7 5 7 6 10 0 9 7 
7 217518 18 17 12 2 19 9 11 
39 27904 13 17 5 6 16 7 18 6 4 8 13 2 8 12 12 8 13 19 17 9 9 15 6 1 9 5 3 1 7 13 5 0 10 2 18 7 10 9 5 
26 276918 8 17 2 12 6 16 4 3 5 13 11 3 7 0 8 2 13 15 15 19 8 17 13 6 16 3 
37 21612 17 12 10 14 6 3 12 2 19 8 19 12 11 2 11 11 11 13 5 18 0 16 6 18 9 5 6 5 4 0 7 1 4 9 8 10 4 
20 21453 0 16 8 11 11 19 15 14 5 12 12 5 8 11 15 9 8 2 6 12 
4 225314 10 15 14 12 
31 22069 15 7 6 15 10 17 6 5 11 11 17 15 17 17 6 12 7 6 6 5 19 12 11 5 2 6 19 15 9 17 4 
34 28042 11 15 19 18 0 2 9 10 10 18 7 8 11 6 15 9 12 14 2 3 11 16 1 2 11 10 19 8 7 4 10 18 11 2 
28 292316 18 13 6 8 13 15 19 19 10 1 3 16 15 18 7 11 19 1 15 2 0 3 9 16 5 19 7 7 
38 250316 18 8 2 6 1 17 18 13 19 11 16 15 6 15 14 17 6 15 12 0 16 7 1 12 13 1 12 12 1 15 8 11 15 3 9 17 0 19 
40 287210 18 7 16 5 2 6 12 9 10 4 5 10 6 10 15 7 14 7 0 1 8 3 16 11 12 13 3 12 15 15 14 6 15 3 11 9 9 15 18 11 
40 26761 6 18 16 5 12 16 17 13 4 0 9 7 12 15 2 16 2 10 3 8 5 6 12 6 7 19 4 18 19 12 12 17 10 8 2 14 16 19 7 12 
1 258919 4 
26 297412 10 4 15 11 1 1 3 7 0 2 3 19 14 16 11 11 18 11 6 13 8 17 0 0 9 1 
42 22059 6 17 0 2 5 11 3 18 14 2 19 8 5 10 2 13 1 6 12 12 12 5 12 9 17 13 10 11 5 15 0 3 5 0 5 2 3 8 0 9 10 11 
38 26271 12 1 14 18 13 19 2 10 11 4 19 4 14 10 1 2 11 4 7 3 9 9 19 9 1 8 11 13 6 19 6 11 0 1 1 5 0 4 
37 29230 6 0 14 17 1 16 0 18 15 15 19 16 14 9 18 3 0 3 1 11 1 4 3 2 6 8 14 2 7 10 2 14 10 8 3 3 17 
33 220112 10 1 1 5 2 19 0 14 14 1 6 15 6 9 10 4 10 16 6 17 6 0 3 8 8 6 12 5 1 5 10 12 6 
41 25170 2 9 15 8 10 1 3 8 2 5 4 4 14 10 2 0 10 17 1 19 4 13 16 5 18 6 17 17 9 6 17 11 15 4 19 18 5 15 18 0 12 
13 24846 5 18 19 8 16 0 19 12 5 15 17 3 14 
27 24523 5 10 7 13 6 18 11 12 5 1 4 18 16 0 16 2 19 7 2 7 19 1 19 4 16 16 0 
2 269512 18 1 
34 270514 1 15 17 5 1 10 9 11 7 9 19 1 0 19 3 7 18 16 18 3 12 7 15 15 2 7 5 3 2 10 9 15 5 18 
30 20989 1 1 8 2 1 1 3 0 16 2 10 12 1 5 16 8 0 3 2 0 8 18 14 18 7 9 16 18 9 6 
47 29028 7 4 1 8 19 13 16 2 3 8 15 9 4 15 9 8 17 1 16 7 15 7 7 4 15 5 5 1 4 7 1 11 12 2 11 11 15 7 5 11 15 12 0 11 7 1 19 
7 22638 4 18 15 11 3 10 16 
30 21430 8 5 3 0 19 14 3 7 1 1 18 8 13 18 0 1 11 11 18 6 19 14 5 6 6 0 8 14 0 12 
27 26409 10 12 8 5 16 7 18 9 5 7 2 3 19 15 7 10 5 13 10 0 18 8 6 10 17 12 3 
21 23193 10 10 16 10 7 4 18 17 13 3 4 7 19 15 3 6 6 8 11 8 8 
22 29766 12 13 19 7 14 10 11 16 0 19 7 19 15 17 17 8 0 13 7 11 9 10 
39 299519 1 15 19 3 11 18 7 17 9 15 11 19 18 8 12 17 7 11 12 4 8 12 16 14 19 0 3 2 9 10 13 2 5 12 17 8 2 5 5 
31 266017 3 18 17 15 7 16 18 11 12 7 15 0 13 6 12 16 8 14 6 1 16 3 6 14 11 8 19 17 12 11 6 
45 200115 10 0 3 8 11 15 7 6 7 0 12 0 8 13 14 6 14 10 9 12 16 1 13 7 18 5 18 16 0 11 11 2 11 14 2 2 1 2 0 8 14 13 8 3 18 
44 246912 5 19 17 13 0 10 1 10 15 11 6 7 3 9 9 6 15 3 9 16 5 1 4 0 6 5 3 4 19 4 17 16 3 14 10 15 4 3 17 11 14 15 18 9 
24 249916 11 2 5 7 0 18 4 0 5 9 15 9 0 11 18 17 15 12 19 2 8 2 0 11 
38 21879 18 4 0 14 15 15 11 3 15 9 7 7 14 8 14 4 0 5 2 9 12 7 8 15 7 2 7 19 11 14 0 9 18 1 3 6 16 6 
49 288315 8 10 2 8 4 6 8 1 0 18 14 7 6 9 7 1 8 6 12 14 6 1 5 19 16 11 7 14 0 10 1 0 12 3 8 8 1 16 10 2 6 4 1 5 5 8 6 13 6 
8 21075 11 12 4 19 15 4 13 15 
16 24667 19 10 15 19 11 4 1 13 10 17 7 7 2 15 13 7 
34 20237 19 14 11 15 5 7 19 10 14 6 17 2 17 7 17 8 10 13 10 4 16 7 11 3 2 18 17 9 12 0 8 3 7 0 
49 206419 18 15 13 16 4 15 5 11 5 14 1 10 16 17 6 3 0 10 17 11 19 7 15 19 7 19 18 7 18 3 18 8 10 12 17 14 19 2 17 16 8 10 7 4 8 13 0 0 3 
17 28912 16 7 14 4 18 12 3 16 7 2 4 17 6 13 11 5 16 
8 286216 11 9 1 11 14 13 11 10 
2 27954 19 14 
38 213512 3 10 0 2 4 16 0 10 10 3 8 18 4 2 14 15 3 7 6 17 0 17 7 3 4 12 14 18 2 1 2 17 11 2 0 16 11 0 
18 29013 6 19 19 0 13 14 3 13 0 13 13 10 12 8 14 16 14 5 
9 269519 8 7 14 8 15 5 0 13 6 
36 231217 15 4 2 10 8 15 10 13 1 12 5 1 19 14 16 16 5 3 15 13 2 9 2 17 6 2 3 12 18 7 1 6 11 4 16 11 
9 29384 12 11 2 14 10 16 2 6 1 
15 25736 8 15 8 17 1 3 0 6 13 19 7 19 11 11 15 
12 23836 19 15 17 1 1 19 9 3 17 2 9 2 
48 202917 9 18 19 12 11 5 17 10 4 9 1 16 16 16 19 2 15 6 11 8 8 10 17 11 19 19 12 2 7 13 11 16 12 2 0 3 19 10 5 4 19 7 0 15 15 11 18 10 
9 258918 17 12 7 1 3 6 5 17 5 
1 290914 15 
11 233418 11 4 15 15 3 2 7 11 9 18 9 
29 288710 9 17 2 16 10 6 14 15 3 0 18 4 14 13 16 0 3 19 5 19 14 0 13 1 11 3 11 12 2 
40 23834 19 17 0 9 15 15 17 11 15 15 15 1 9 3 1 12 2 18 11 8 11 5 1 14 8 4 7 2 15 2 6 6 19 19 16 7 14 13 18 1 
40 220514 9 1 15 2 3 6 5 4 17 2 17 11 10 2 10 5 9 12 3 15 4 2 3 3 8 16 1 1 17 18 15 18 19 3 12 15 1 18 11 18 
10 26081 3 10 4 8 11 8 11 7 4 6 
0 282714 
19 210816 8 19 3 6 18 6 19 5 19 9 16 17 9 5 11 4 7 7 12 
49 285516 18 0 2 0 7 8 19 8 16 19 7 0 6 17 18 17 15 18 6 11 7 7 8 10 12 16 17 16 7 5 4 5 17 18 5 4 7 17 4 3 16 3 15 14 13 14 11 8 4 
27 217911 5 0 2 9 8 11 5 15 16 10 12 5 0 9 10 7 6 6 3 15 10 18 9 3 12 1 3 
8 207014 0 7 14 14 16 2 17 14 
39 280616 1 11 16 11 13 4 9 0 19 4 10 17 14 5 2 7 8 10 9 2 2 17 17 16 5 11 6 19 1 12 15 2 3 12 5 17 8 15 9 
47 233111 16 5 16 18 4 16 1 14 18 3 11 7 12 16 11 18 8 12 10 3 6 5 7 12 14 7 19 3 6 10 14 3 8 2 13 12 18 14 18 9 18 1 8 10 10 19 8 
38 216310 13 10 15 13 14 2 0 13 5 7 3 12 2 11 14 15 16 13 10 14 14 0 16 2 10 6 2 10 16 5 12 9 7 7 2 1 1 15 
16 242714 10 19 16 13 5 3 9 18 13 16 12 13 12 7 15 10 
31 21176 6 9 7 6 9 2 19 10 9 6 9 3 8 8 11 1 6 14 3 4 0 19 9 5 3 8 1 13 9 10 11 
17 292010 13 1 12 13 11 1 11 1 16 19 1 7 12 7 2 15 4 
42 21745 7 17 13 0 2 14 11 13 1 3 4 7 4 8 12 7 10 3 0 18 2 14 6 14 13 8 2 9 2 16 14 1 6 19 14 8 5 17 14 7 0 10 
34 219618 6 15 0 1 8 19 15 2 17 1 15 17 3 5 19 12 11 12 18 3 6 18 8 3 12 15 15 14 1 3 5 19 11 17 
40 277916 7 1 5 9 8 2 12 5 13 4 17 6 14 0 4 13 8 8 17 16 15 12 9 11 17 9 2 14 1 1 3 9 14 0 10 2 3 14 8 16 
41 285714 5 17 19 18 17 19 8 5 6 12 15 17 1 16 19 7 9 12 2 10 6 3 0 1 6 15 9 14 6 6 9 3 15 0 14 4 19 2 10 5 14 
35 224315 13 14 2 2 7 5 13 13 8 5 14 6 12 15 0 18 13 1 2 8 1 16 13 12 10 15 10 4 0 13 11 5 19 5 7 
36 294212 0 2 18 6 8 10 2 1 1 15 14 15 16 16 3 9 0 13 16 10 9 16 15 12 13 15 17 12 1 12 5 13 14 15 0 15 
5 28148 18 1 2 13 17 
0 286818 
21 294114 1 2 2 17 6 15 12 16 8 5 8 5 19 2 0 11 9 17 5 17 16 
48 28001 16 10 10 6 13 3 1 15 18 15 4 4 3 8 0 11 13 8 8 4 3 8 7 4 17 4 2 13 3 14 7 19 16 17 17 10 12 18 17 10 6 1 15 9 1 15 12 6 
16 228011 11 0 10 15 17 15 17 3 18 3 10 9 0 19 6 2 
11 217719 14 3 12 9 12 13 16 16 11 4 16 
24 25558 5 11 5 0 0 0 18 16 10 7 16 9 5 18 13 2 9 7 17 1 8 1 6 16 
37 23171 5 12 8 13 17 11 11 9 4 11 7 0 14 6 16 15 11 6 8 6 15 7 3 8 7 17 14 4 14 3 5 12 15 13 17 4 17 
18 25131 12 12 1 6 10 9 1 14 15 2 0 2 1 15 10 9 12 16 
33 219919 10 11 15 15 8 11 12 9 17 13 1 9 6 19 12 15 0 6 2 14 6 4 16 13 6 5 6 2 18 17 2 8 8 
29 21758 12 8 17 9 1 10 11 0 9 3 15 2 9 18 16 7 14 12 0 13 9 18 7 7 15 9 7 15 10 
3 29963 3 5 4 
46 291615 16 17 18 12 19 19 2 16 6 8 0 19 13 10 17 1 9 5 2 9 0 13 12 16 8 15 2 12 11 10 8 8 7 18 12 19 10 6 7 16 14 7 7 8 9 5 
39 277910 11 8 2 16 12 11 4 19 5 17 2 15 17 2 14 7 14 13 17 0 0 6 7 0 13 15 9 10 16 0 12 19 8 15 16 12 18 12 11 
23 262114 18 18 16 4 18 3 18 7 3 10 13 2 10 19 9 12 1 5 12 14 17 13 1 
45 272519 17 9 14 11 15 4 9 11 8 19 6 18 7 2 9 0 4 11 11 14 3 13 11 8 19 0 1 12 5 18 3 15 7 17 6 2 1 7 6 1 7 12 0 14 14 
19 258611 12 10 5 8 15 8 16 14 9 17 18 6 15 1 1 15 18 7 17 
31 26073 12 14 8 12 0 14 13 6 5 18 8 2 6 3 11 2 17 12 19 7 18 6 8 0 1 18 19 11 9 6 6 
24 240014 18 12 1 12 19 6 10 7 9 16 3 12 10 12 4 9 0 2 7 8 14 1 19 14 
22 212012 18 14 5 5 13 17 6 17 8 12 19 8 13 7 11 5 17 3 9 6 3 4 
35 256418 6 3 12 18 3 5 9 10 10 6 3 7 12 12 8 16 11 16 2 18 7 7 15 10 9 13 14 13 10 10 3 17 13 16 7 
18 24338 18 15 14 13 14 18 5 2 7 8 18 9 18 5 8 5 8 9 
10 20142 1 4 6 10 9 14 17 17 19 18 
6 204612 1 0 3 19 15 10 
17 224511 6 3 19 11 11 9 14 5 3 15 1 1 5 10 7 14 19 
28 22127 4 17 9 17 0 8 12 2 7 17 13 5 12 4 9 3 5 3 0 9 18 13 2 15 15 10 9 15 
48 27742 5 3 3 2 15 11 6 17 19 15 2 4 8 18 13 3 4 8 16 5 6 9 7 13 5 9 15 0 10 9 14 15 4 18 17 19 9 3 8 0 18 10 17 18 8 2 2 12 
23 26389 9 7 17 15 4 6 10 4 16 11 19 3 15 9 0 14 10 15 2 3 6 4 0 
4 223214 6 17 17 4 
16 22194 15 14 8 14 4 5 2 15 16 6 2 5 6 16 7 14 
10 26900 14 2 4 18 17 3 7 6 19 6 
27 28751 3 16 7 19 1 10 6 9 16 8 6 14 16 13 8 6 4 0 12 6 17 11 15 0 18 2 11 
4 28917 18 15 3 5 
24 265615 1 5 3 9 11 18 6 4 18 4 0 19 17 7 16 8 2 8 18 16 11 15 8 18 
23 233513 10 9 9 6 2 14 1 4 17 19 2 14 10 6 14 9 3 1 17 3 16 17 2 
42 272817 12 7 2 7 0 12 9 2 10 3 8 12 7 6 3 9 12 13 16 6 14 11 0 11 15 16 0 9 0 9 6 13 8 0 12 0 4 13 2 15 17 11 
29 20449 2 6 1 8 2 19 2 13 19 6 0 7 6 9 8 15 7 13 3 7 17 16 12 11 18 19 0 1 10 
46 26104 2 3 12 4 15 15 10 14 13 10 14 19 12 14 7 19 7 2 19 16 18 11 19 17 2 19 18 12 16 1 16 18 16 1 15 11 8 17 18 1 19 12 12 11 6 19 
3 28652 2 13 0 
15 261317 7 4 8 11 0 1 19 11 17 0 18 1 8 15 19 
31 23063 14 18 9 13 13 6 15 15 19 8 0 4 17 19 9 5 2 9 18 1 12 8 14 10 9 14 17 0 16 16 3 
32 26544 7 7 10 3 14 1 3 6 6 0 17 15 18 19 16 16 12 9 4 6 11 5 13 1 5 1 17 8 3 3 12 10 
2 25545 16 16 
18 22742 1 11 17 19 10 13 15 14 14 12 13 6 17 6 7 15 7 16 
23 260219 8 4 1 2 10 9 10 10 3 12 11 14 1 10 16 15 18 10 9 10 3 7 19 
39 238614 8 2 10 2 1 10 7 14 4 9 3 15 19 18 7 3 12 1 5 8 16 3 11 17 5 14 5 17 16 11 3 16 6 5 19 19 15 6 6 
2 21759 7 6 
30 26869 12 7 15 13 15 10 16 13 8 10 10 5 18 1 8 15 19 14 14 19 1 12 5 13 7 6 0 13 18 19 
45 26116 2 16 2 12 12 7 0 14 17 5 13 10 6 0 10 0 14 1 1 6 18 7 5 4 7 10 3 18 5 6 5 7 14 19 12 18 6 12 4 3 10 17 13 16 9 
35 21083 16 1 1 14 8 18 11 8 9 6 6 6 12 3 6 18 2 18 8 0 10 12 3 12 2 9 0 11 4 8 7 1 2 0 7 
2 205918 10 0 
4 24096 8 12 12 6 
47 27706 7 13 19 3 17 1 12 18 12 16 18 11 9 0 12 17 3 11 15 5 11 12 6 17 0 19 2 19 18 4 5 5 17 16 8 15 17 12 5 2 1 3 13 2 16 17 19 
21 20687 8 11 11 15 1 11 6 3 2 4 7 0 1 17 16 2 4 6 14 9 0 
17 24845 10 0 3 9 3 3 8 12 15 19 7 16 3 5 11 5 9 
20 267710 7 14 12 11 12 19 12 4 6 17 9 8 9 4 18 5 8 18 17 15 
8 24763 13 1 6 18 2 16 8 12 
4 273417 7 6 8 12 
0 29661 
41 223510 8 5 7 16 3 4 3 13 12 6 6 5 12 17 7 0 17 12 4 11 1 4 17 1 16 19 7 17 2 14 19 10 19 19 18 15 3 1 0 8 19 
39 22133 8 13 4 5 5 8 16 6 4 5 7 12 16 6 1 10 1 13 1 12 12 19 19 7 13 12 15 12 3 1 8 11 14 12 8 19 12 16 17 
47 278116 1 9 14 3 19 15 16 0 0 8 12 11 15 17 3 3 1 6 4 9 9 10 1 17 1 14 13 18 3 6 6 4 15 0 7 15 8 15 7 0 3 11 11 11 8 15 6 
12 23532 11 3 12 13 0 13 19 14 3 2 0 1 
46 28081 6 15 1 1 2 1 17 6 13 0 6 0 6 8 13 8 12 16 0 5 9 5 16 3 8 18 15 9 16 15 2 2 10 4 16 5 5 13 11 10 13 9 10 11 18 16 
39 237012 11 7 1 16 3 16 4 13 4 5 1 19 7 4 10 3 12 7 9 5 10 11 10 19 14 1 9 10 12 11 2 3 18 16 19 13 4 15 18 
18 21200 0 19 16 2 3 8 9 4 5 19 15 7 18 9 0 8 19 12 
49 203415 10 2 14 15 6 9 6 15 1 6 15 0 14 17 15 14 18 19 11 17 15 18 7 16 18 7 8 10 19 14 17 9 16 3 16 2 4 2 9 5 0 16 17 14 13 13 8 3 12 
41 282019 9 8 8 19 7 16 1 6 2 18 7 18 1 4 12 5 18 2 2 19 18 0 5 4 13 6 7 17 17 8 17 19 8 5 18 15 13 0 14 15 18 
41 28250 5 17 17 16 19 0 7 10 0 12 14 5 10 13 2 8 1 19 7 1 16 5 9 1 17 3 8 16 4 13 8 2 3 5 10 14 17 17 4 9 9 
10 20140 4 17 0 17 8 19 19 17 16 0 
48 275415 19 2 11 12 10 13 7 7 3 2 17 0 6 6 2 17 1 14 1 18 6 18 18 5 9 15 13 1 6 19 16 5 1 8 9 3 13 17 3 17 19 0 9 17 6 3 6 19 
39 24799 15 18 8 12 19 3 6 1 1 5 9 6 19 17 8 2 11 5 5 0 16 17 1 5 16 17 12 15 6 11 5 14 1 5 6 13 0 4 6 
2 212215 0 1 
3 206815 16 5 13 
46 249310 17 19 6 6 3 14 13 14 11 7 8 16 5 1 16 10 7 10 4 14 11 17 7 11 12 3 17 5 11 10 8 1 1 6 7 4 0 0 11 11 19 19 19 5 12 8 
27 285118 11 5 9 8 5 13 12 8 10 10 0 12 18 13 14 4 0 18 17 1 9 0 0 8 0 17 12 
18 26843 6 7 1 8 15 6 1 0 6 3 10 18 15 8 11 9 4 12 
48 24615 9 14 17 10 14 15 2 2 11 18 0 19 19 0 6 17 13 6 3 16 16 2 4 16 13 13 13 17 13 6 2 3 0 0 13 14 7 7 8 18 5 1 17 16 13 4 13 7 
2 268915 11 11 
9 226716 5 12 14 10 19 8 5 11 8 
0 283815 
48 25786 15 19 15 12 13 19 17 12 14 18 7 5 9 19 4 18 16 17 4 6 8 12 12 11 13 14 9 0 12 8 6 0 19 2 4 12 13 1 16 19 0 16 4 1 15 1 11 3 
20 23759 10 0 13 1 5 8 11 5 12 11 4 12 10 18 16 15 11 10 11 3 
22 20277 15 14 0 7 17 10 14 19 0 6 4 2 11 12 5 17 17 16 1 9 6 11 
18 20412 0 13 17 2 12 5 17 7 5 16 4 8 11 15 8 9 0 2 
11 22847 18 1 15 11 3 2 2 13 15 16 13 
30 209415 13 11 4 0 8 1 16 16 4 4 17 13 4 11 14 8 11 4 2 6 7 17 0 1 10 16 10 15 16 16 
0 290919 
36 27017 7 10 16 3 14 5 17 18 16 3 18 7 8 12 14 7 9 14 9 11 10 11 6 19 7 16 8 6 3 2 5 2 12 1 6 6 
28 24354 15 18 14 14 18 7 8 18 16 15 19 8 17 10 14 16 9 3 17 15 18 19 12 12 11 6 18 17 
14 286513 19 16 7 14 14 14 14 4 3 9 3 3 19 13 
39 29752 12 4 9 2 3 2 15 6 8 5 3 12 3 8 4 19 16 10 5 2 16 10 5 18 13 8 17 19 18 4 1 2 9 3 5 4 5 12 11 
15 20496 9 12 15 13 11 3 15 9 5 12 19 3 10 4 11 
7 23031 3 17 16 12 0 13 9 
27 26050 2 6 18 3 11 5 17 2 8 4 3 6 16 2 9 18 7 12 17 2 6 1 19 2 5 11 15 
4 298812 6 2 18 5 
36 248910 15 4 19 19 7 17 8 2 6 6 9 10 4 3 16 17 3 18 2 14 13 17 15 5 15 17 16 0 3 5 3 10 9 14 10 9 
11 221011 17 16 12 7 12 15 16 9 10 14 4 
37 250013 12 5 8 1 1 9 17 19 4 7 0 18 9 9 9 19 12 18 8 4 17 0 12 13 2 2 8 18 19 0 11 3 5 19 5 19 0 
32 20384 9 18 2 19 0 3 18 12 1 6 9 19 19 1 4 13 3 4 11 15 4 14 18 10 5 3 1 6 5 11 2 7 
21 21576 1 0 16 6 2 15 15 13 6 16 17 19 11 14 2 18 18 8 17 0 13 
12 228111 10 4 14 9 6 11 7 19 11 3 5 5 
20 202010 16 8 0 7 12 14 1 2 12 9 11 13 3 4 6 14 6 11 0 15 
9 26312 8 15 17 14 0 8 6 11 16 
7 22314 11 17 17 13 9 7 5 
24 29301 13 16 19 16 17 14 5 0 8 13 15 17 19 8 17 18 11 14 5 2 10 16 11 7 
21 238014 18 7 16 19 0 5 18 8 2 4 13 14 4 18 10 2 10 18 19 8 9 
35 21733 15 1 14 15 14 6 1 13 13 18 4 5 15 15 5 9 19 18 3 16 9 13 18 19 3 9 7 4 15 12 19 2 13 5 17 
7 271211 12 17 9 17 15 16 12 
30 22853 11 8 19 0 14 9 11 9 19 18 6 6 10 5 8 15 11 18 14 15 9 19 4 10 16 19 6 0 12 3 
45 29833 7 15 9 16 6 19 7 16 17 13 18 2 14 13 5 12 19 12 1 18 17 3 6 8 1 18 0 4 6 3 7 13 10 17 1 16 8 9 12 5 14 2 19 8 15 
27 27007 9 13 17 18 8 4 7 9 14 19 13 0 15 1 13 5 10 7 14 18 16 6 15 10 9 14 11 
46 22513 15 13 17 13 11 17 9 10 7 15 2 12 16 17 5 1 14 15 8 8 5 16 7 0 19 8 15 10 16 18 13 12 11 2 17 15 0 18 17 7 5 19 11 1 8 17 
35 262312 15 11 18 12 10 10 11 18 17 13 15 16 6 19 19 9 8 6 1 18 4 0 3 15 11 5 4 8 12 19 1 7 10 11 11 
23 238114 11 11 7 18 7 14 17 18 15 17 17 16 15 13 16 19 8 19 16 4 8 8 3 
1 20876 12 
41 25195 5 2 8 13 1 15 19 10 6 6 8 3 2 15 8 10 14 8 9 10 13 9 10 8 10 10 6 14 1 17 12 6 0 0 11 13 8 10 3 14 8 
23 24292 19 9 12 5 17 14 16 2 3 18 11 14 8 9 0 9 7 12 8 19 13 19 12 
3 23827 19 10 11 
40 26132 9 17 7 6 11 15 9 7 6 12 13 14 13 13 16 0 18 4 19 3 15 3 16 17 11 15 0 14 15 13 16 4 2 15 2 14 3 3 13 9 
7 293815 1 3 3 1 1 7 13 
14 209516 12 12 19 19 12 13 14 17 1 10 0 9 13 6 
42 294811 13 16 9 0 17 12 4 10 14 3 15 10 18 12 3 3 11 14 7 17 9 5 18 11 17 19 4 3 11 5 14 16 1 3 17 10 7 13 12 1 16 8 
14 25750 19 10 3 13 17 12 14 2 11 6 11 2 2 14 
26 25470 2 0 15 11 10 3 4 3 16 1 11 12 8 3 11 10 18 5 7 11 19 2 14 5 13 16 
48 20802 7 12 17 8 8 8 10 3 13 13 11 6 16 4 6 11 15 16 10 12 15 1 4 17 7 1 11 3 1 3 6 9 15 3 9 3 3 19 18 8 5 10 6 13 14 4 5 1 
30 24756 8 8 10 5 15 11 8 18 5 11 16 14 7 11 15 2 7 14 13 15 19 3 2 5 9 6 10 10 19 17 
8 21395 18 4 12 2 13 2 7 16 
29 255315 2 8 18 9 2 11 17 14 6 11 11 7 9 1 17 8 18 6 19 3 16 4 7 18 9 9 17 5 8 
30 25933 10 3 4 5 6 1 19 12 12 10 19 2 3 8 2 1 6 2 16 15 18 3 13 7 12 3 4 13 13 17 
48 29240 12 9 18 6 0 10 18 2 1 12 17 2 15 18 8 9 6 3 7 1 9 6 5 12 10 10 17 0 18 13 12 3 14 11 9 14 13 19 8 15 12 5 17 19 15 17 8 13 
11 267514 2 13 12 6 3 2 3 15 13 9 8 
6 206311 17 10 4 16 18 19 
48 20968 7 11 6 15 17 19 2 11 1 15 3 7 11 18 2 18 11 11 6 7 7 17 16 17 14 12 15 13 1 3 14 8 7 0 16 4 19 10 15 12 18 11 11 1 9 5 19 12 
17 230611 4 15 7 13 9 19 8 15 0 4 9 1 11 9 9 15 0 
41 218212 9 5 15 10 6 0 10 18 9 8 9 5 15 16 18 5 8 19 12 8 3 13 1 14 14 2 1 14 14 3 18 15 1 5 6 7 5 8 6 15 16 
27 242011 4 11 8 12 10 12 12 13 5 6 19 19 0 0 5 14 15 15 10 16 0 8 16 6 16 14 13 
4 25615 7 5 16 8 
39 21380 14 3 18 12 2 9 12 14 15 7 10 2 9 18 3 17 14 1 5 8 6 9 2 3 16 19 12 4 9 10 17 15 14 7 7 8 16 19 3 
23 23385 6 7 3 1 16 10 14 1 10 12 2 12 15 19 4 7 15 13 10 4 0 4 11 
37 26440 18 7 15 9 12 13 8 8 6 5 10 0 18 0 12 1 5 0 12 9 7 19 14 9 16 6 13 7 5 18 19 3 17 15 12 10 8 
11 207015 18 0 7 16 12 12 9 9 12 1 18 
1 29734 1 
29 23506 8 15 16 8 11 14 15 15 16 15 8 6 2 6 18 2 15 10 14 16 0 18 18 10 9 3 15 10 12 
47 25690 5 5 0 16 11 7 3 7 3 12 5 17 18 15 19 5 6 5 2 6 3 12 8 13 15 15 15 19 13 4 11 10 2 4 18 5 11 1 5 6 13 10 4 4 6 15 1 
24 20413 2 16 7 10 9 14 18 17 13 11 13 17 13 7 1 11 13 12 4 18 11 18 8 7 
24 29262 15 2 15 11 4 12 18 7 13 5 5 10 18 8 16 15 1 3 8 4 16 1 8 14 
2 229815 19 4 
13 29730 16 9 3 12 13 13 19 6 18 4 9 9 12 
7 22365 0 5 9 9 18 10 3 
40 216010 1 5 4 14 5 12 15 0 4 0 13 4 19 4 0 0 5 13 17 1 10 9 18 12 18 16 14 14 18 14 4 19 19 0 6 16 12 13 16 17 
46 23421 5 6 13 5 11 18 2 4 9 11 3 13 2 19 7 16 10 1 0 9 1 1 7 17 5 13 6 2 19 8 15 16 6 9 1 17 7 15 13 8 18 16 1 0 8 8 
36 23182 9 19 3 2 19 12 7 12 18 2 3 18 17 19 4 18 12 13 18 7 7 18 5 15 0 18 3 0 14 1 2 15 13 17 9 12 
22 229716 12 11 19 11 0 10 15 19 2 1 9 9 8 7 6 3 19 4 19 0 11 12 
24 23865 4 8 9 6 5 5 10 16 16 1 16 6 9 7 8 10 16 9 10 16 16 5 15 0 
6 24553 9 2 2 6 6 10 
46 21047 1 14 3 10 8 11 16 17 11 17 19 19 6 1 15 14 6 11 7 3 18 10 4 12 12 10 18 14 6 14 1 0 9 16 2 17 8 18 6 11 15 5 10 14 18 6 
28 23369 15 11 19 18 15 12 10 18 2 17 16 17 18 16 6 15 10 15 15 9 1 6 16 18 8 2 8 6 
31 22047 18 16 7 16 3 11 19 1 13 16 18 2 14 6 0 1 17 15 16 18 8 14 6 18 15 9 6 1 12 11 9 
30 24278 7 2 19 6 4 4 14 14 7 8 12 7 2 9 15 10 19 3 17 6 2 12 15 8 13 7 11 14 9 10 
24 265613 13 14 9 10 0 3 9 1 7 8 3 9 3 13 8 19 10 14 13 14 1 13 0 0 
7 231410 7 9 18 0 14 5 1 
36 208516 5 6 4 14 1 13 9 15 1 0 17 8 5 4 9 19 4 2 16 10 12 15 11 2 8 6 7 9 14 5 6 0 11 10 6 13 
15 24270 16 8 9 16 13 13 18 4 9 0 12 0 4 8 11 
36 25169 6 5 16 11 3 16 2 5 14 7 0 1 19 9 9 1 5 15 6 15 19 16 15 4 8 11 12 11 18 0 13 4 17 9 15 1 
5 202918 19 9 19 0 8 
0 23029 
7 216916 13 8 4 0 4 12 12 
36 20632 8 16 18 6 5 5 19 2 6 17 13 15 8 6 16 8 0 17 18 9 5 11 9 9 3 14 13 7 2 9 1 11 5 19 9 3 
26 256817 3 17 11 10 6 17 6 6 9 4 4 18 1 7 7 11 3 1 16 10 4 5 4 7 11 3 
46 234612 16 3 15 13 6 5 11 15 4 18 4 0 14 2 1 14 10 12 9 3 9 11 19 14 15 6 17 11 14 15 3 10 11 10 16 17 7 7 13 11 17 9 11 12 4 13 
18 264617 7 9 18 18 9 5 6 7 14 17 14 10 0 16 13 2 12 10 
19 232015 1 17 17 4 1 1 9 11 7 7 10 16 17 1 17 14 7 17 9 
34 223111 16 7 4 18 12 6 7 12 14 0 1 11 5 15 12 14 6 19 13 9 7 3 10 17 17 17 14 18 1 17 1 17 16 17 
37 28684 14 12 18 15 14 1 12 1 13 18 19 4 12 8 3 7 18 0 16 15 6 15 8 15 16 5 12 14 4 12 10 19 5 0 6 11 1 
48 22326 16 11 2 0 0 5 19 18 18 16 6 16 11 14 12 19 12 16 5 16 0 15 7 17 15 13 8 8 3 12 14 12 16 16 4 8 14 4 18 4 0 4 0 3 19 4 14 3 
42 262019 13 15 19 10 3 12 11 11 8 15 18 0 11 14 4 19 0 0 18 4 12 14 5 15 5 1 2 8 14 2 0 7 9 19 9 4 3 12 8 11 8 6 
43 271912 8 11 13 0 9 17 13 3 14 0 1 8 2 9 2 16 9 1 18 0 2 2 4 15 10 7 15 16 11 14 9 11 17 14 11 6 3 4 2 10 5 3 18 
19 24840 16 6 13 6 6 15 8 2 10 11 2 5 7 13 12 8 4 9 2 
47 266818 12 2 8 9 17 6 0 13 6 16 19 19 2 18 6 3 0 17 14 2 14 13 7 18 14 3 0 8 11 8 6 15 2 14 16 11 0 16 4 18 5 4 9 7 2 16 2 
4 260516 9 19 2 8 
30 227612 10 4 15 10 3 10 4 17 18 15 10 14 19 8 19 15 18 19 9 14 1 16 19 10 17 10 4 5 0 12 
47 248216 4 12 19 6 16 9 4 3 19 19 3 19 10 10 17 9 12 3 3 8 14 5 5 5 1 10 17 13 0 0 1 4 4 13 11 13 2 15 16 13 6 11 12 9 2 2 18 
4 256513 14 12 10 19 
7 24511 6 4 1 18 18 18 3 
31 284916 13 16 12 18 15 4 10 4 18 12 14 4 10 0 18 2 10 17 11 14 10 9 10 12 8 8 2 3 19 11 11 
4 21593 14 6 19 5 
32 28499 17 13 11 17 3 5 19 0 8 5 3 18 16 15 6 4 17 1 16 0 12 12 11 7 7 10 19 4 12 8 13 9 
24 269718 17 2 10 10 11 15 13 9 11 0 7 8 9 0 16 9 12 8 12 11 7 2 10 11 
45 239117 16 5 14 7 14 8 17 4 11 4 9 12 8 9 19 16 18 11 4 19 3 4 12 7 12 6 17 15 13 8 12 2 5 18 9 12 19 18 8 10 2 18 3 10 19 
34 299818 6 14 9 1 19 13 8 11 0 6 6 13 6 11 15 4 1 16 8 0 14 16 11 9 14 14 11 6 8 2 16 6 16 5 
18 297519 8 18 11 6 17 16 5 8 4 9 9 12 17 10 19 5 1 8 
32 294711 18 7 13 14 14 2 11 14 17 2 2 16 13 9 13 2 6 13 6 15 2 18 4 4 17 1 17 17 13 4 1 11 
24 28545 18 8 17 4 6 19 18 14 5 19 19 7 5 4 5 12 6 15 16 3 5 18 0 14 
23 229715 15 1 2 12 11 10 1 15 16 13 13 2 18 13 13 17 18 17 14 11 16 9 19 
49 25469 11 1 13 8 16 0 1 18 12 12 9 6 7 17 19 13 12 9 18 5 6 16 15 12 19 11 1 11 2 0 0 5 1 5 6 17 17 7 8 10 0 17 16 19 6 7 4 18 16 
32 279614 11 11 6 10 14 19 1 8 19 14 13 0 11 19 10 9 7 18 11 19 7 19 18 5 6 15 4 2 17 12 16 8 
23 221419 9 13 12 17 13 18 10 5 2 2 15 3 9 5 14 0 4 13 10 10 11 5 6 
13 246318 1 11 1 15 2 2 8 7 19 13 17 9 19 
19 27516 2 12 12 8 12 16 13 3 18 4 0 4 9 3 2 2 7 15 17 
9 217718 8 16 3 6 18 2 17 1 1 
22 228613 0 18 1 14 13 0 18 14 16 0 9 19 2 16 6 12 18 16 10 6 4 5 
44 25020 14 16 1 6 2 14 6 12 7 12 18 19 3 12 16 3 13 7 5 10 5 17 0 1 19 6 6 5 3 0 5 17 16 18 15 18 12 13 3 11 6 1 11 1 
5 22194 18 6 1 0 11 
1 26805 10 
9 28117 14 11 4 11 0 2 18 10 6 
11 273310 9 14 1 10 11 0 6 10 18 8 2 
21 21913 6 1 14 9 1 8 13 17 19 13 12 9 3 18 12 9 8 2 15 1 4 
47 26133 9 3 3 11 17 14 6 15 7 0 5 8 8 18 18 19 3 10 8 18 0 1 7 1 15 3 14 11 2 8 14 11 3 9 14 0 3 1 16 11 1 13 11 2 3 9 1 
36 29512 4 4 3 4 5 10 19 19 1 1 19 8 12 3 17 6 15 13 19 11 4 13 16 7 15 19 9 16 5 0 18 2 4 13 6 1 
23 230513 17 6 12 17 10 7 6 8 15 19 8 6 15 1 3 3 16 2 12 4 0 4 3 
2 264116 0 14 
22 23977 1 3 12 18 5 19 4 5 14 16 13 13 11 6 8 14 14 2 18 11 14 3 
34 280816 2 8 10 14 5 18 7 0 10 5 17 1 2 3 8 18 8 13 9 15 1 16 1 15 14 12 10 9 18 18 17 1 19 8 
7 263618 7 17 0 12 14 13 6 
37 25614 6 14 6 13 7 2 6 15 8 11 17 18 9 7 15 2 6 15 2 3 13 9 12 5 13 6 19 0 16 0 16 14 7 2 19 6 16 
37 28335 8 10 15 10 18 2 4 16 18 6 11 3 7 3 9 1 2 0 1 10 0 9 16 19 12 15 18 0 12 11 5 13 14 12 15 4 15 
39 29805 6 4 8 13 7 9 6 1 9 19 11 2 9 7 13 13 14 3 13 19 7 11 12 1 3 7 17 18 6 9 15 4 13 4 10 1 5 16 14 
7 21086 1 17 13 14 2 0 18 
35 25595 18 11 18 2 10 15 12 16 4 8 13 18 4 3 11 1 11 5 8 19 3 9 8 9 16 10 9 6 18 8 11 16 11 1 10 
41 24763 9 12 3 2 10 19 17 13 0 9 11 1 0 14 10 9 15 18 11 4 4 9 12 7 18 3 8 8 4 16 3 6 9 18 8 11 17 18 17 10 19 
8 227119 14 13 0 10 12 4 14 16 
25 297916 3 14 4 4 11 13 7 17 2 18 5 5 15 15 2 5 14 2 16 14 17 2 6 7 14 
20 23532 16 4 18 11 19 15 15 10 8 15 7 2 13 4 7 0 0 2 6 14 
4 24340 13 16 7 12 
22 26096 5 5 10 15 9 1 10 4 11 10 11 10 12 4 7 12 5 7 14 3 13 18 
29 252612 18 5 4 0 14 2 17 12 5 5 1 6 7 17 10 18 9 0 10 5 19 14 2 18 8 17 4 19 7 
0 26235 
17 251917 1 2 7 5 19 12 18 17 19 8 7 9 9 0 12 14 19 
36 243718 15 6 14 6 13 4 9 10 11 8 0 4 2 19 2 1 11 12 11 2 0 18 12 9 10 16 16 2 2 5 12 9 11 6 15 5 
20 28967 13 17 19 9 19 18 11 13 9 4 4 4 4 14 8 6 17 4 2 19 
26 274711 8 10 17 3 7 19 12 15 4 9 14 13 0 5 5 13 14 1 9 10 5 16 18 3 13 14 
45 27321 4 15 1 15 4 4 2 3 8 9 7 17 16 12 18 1 17 3 7 18 13 18 16 9 8 11 14 3 17 6 16 13 13 17 0 17 13 3 12 2 12 11 19 0 3 
19 234113 13 9 3 6 19 19 7 7 11 13 2 0 11 10 5 4 19 6 1 
33 256113 7 5 4 18 6 19 8 7 12 1 8 16 19 7 7 18 7 10 11 1 10 2 12 8 18 11 14 19 16 15 4 15 12 
0 247418 
49 206218 12 15 6 8 6 6 15 16 5 18 7 6 8 1 10 8 19 14 14 10 10 1 6 6 14 6 12 12 17 6 10 1 1 9 9 19 15 17 15 0 15 14 18 15 7 9 16 18 3 
0 23885 
32 230611 6 4 15 10 1 1 13 3 14 2 4 13 9 13 0 1 0 14 19 8 13 8 4 11 3 6 11 9 18 17 12 16 
1 28887 15 
49 219210 16 14 14 9 15 0 2 16 12 8 15 0 2 16 16 13 19 15 5 0 13 2 13 2 16 1 1 3 2 13 13 18 19 19 0 14 19 14 10 12 2 17 4 4 5 13 10 17 8 
15 203713 9 10 7 17 3 8 0 18 1 13 8 0 13 0 14 
34 299416 8 17 6 13 13 11 18 3 8 18 10 6 11 0 8 19 9 4 7 10 2 1 3 2 13 8 3 0 13 9 16 1 18 2 
36 267214 4 7 14 2 18 0 6 10 1 5 19 5 4 9 19 17 5 1 11 13 16 11 6 6 19 8 4 14 14 8 0 11 16 14 13 6 
7 215116 8 16 7 5 13 9 4 
40 295417 13 19 14 16 18 12 16 18 8 2 4 17 2 15 13 16 1 19 3 12 7 11 1 6 16 14 15 12 16 1 10 2 13 16 18 11 0 6 9 8 
48 23735 10 1 10 7 2 1 2 6 8 14 7 7 2 13 2 15 10 16 17 4 9 5 2 0 5 1 1 13 9 6 19 12 7 9 11 9 11 13 16 11 19 15 18 2 9 13 9 19 
21 23583 10 3 17 2 8 18 3 13 0 9 12 12 9 14 15 10 17 8 18 0 8 
4 29712 3 4 11 14 
5 24699 7 4 18 9 4 
7 204417 9 5 2 13 6 8 8 
17 26458 15 17 16 9 8 18 4 4 1 18 1 2 7 8 6 18 9 
22 21075 0 16 3 2 1 9 10 9 6 7 17 14 4 6 3 5 16 8 9 18 18 11 
22 241811 19 16 1 1 3 18 13 19 1 7 12 3 9 1 9 16 10 15 13 16 19 10 
33 271919 3 17 2 15 15 14 6 3 7 0 6 17 13 17 11 1 9 14 10 2 15 19 13 11 4 1 10 14 6 1 5 9 10 
28 20376 14 3 9 13 15 8 10 9 5 1 2 7 15 4 9 3 15 2 14 19 16 16 5 2 17 11 4 7 
19 21535 5 16 7 18 4 15 0 13 12 14 7 19 1 3 9 4 19 3 18 
0 24716 
16 27143 7 10 3 18 3 0 3 11 7 13 15 14 5 0 19 19 
29 20581 3 19 17 14 15 16 4 6 2 0 12 18 7 2 13 17 17 13 12 1 13 5 8 19 3 1 18 2 0 
29 24953 8 13 9 15 1 14 2 15 14 14 5 14 9 10 3 18 4 16 19 9 13 0 8 16 1 7 11 1 16 
38 235716 3 6 12 16 12 6 12 7 0 9 13 1 0 16 0 16 4 11 5 18 11 13 6 4 12 17 18 0 8 15 9 11 13 13 8 6 19 12 
45 22511 10 13 13 18 13 9 3 16 14 1 0 0 7 4 4 17 2 5 5 9 6 8 3 19 16 1 18 0 6 9 14 16 14 7 14 19 17 9 16 3 10 16 15 10 0 
40 219915 17 16 4 3 4 7 2 13 8 12 5 6 13 19 14 8 7 1 19 16 10 15 11 13 3 7 3 16 19 14 11 8 10 15 11 6 15 5 11 3 
29 26292 2 8 16 2 7 9 2 15 0 9 7 13 13 6 8 9 17 2 0 5 4 15 8 2 10 13 6 6 14 
35 26608 3 8 11 3 18 5 18 18 14 17 11 19 15 19 8 12 13 0 17 17 8 5 19 10 10 5 16 16 12 8 5 8 17 8 11 
45 25131 13 19 19 16 19 14 7 7 19 0 0 8 17 8 6 8 18 8 6 7 5 18 15 10 6 12 18 17 19 3 11 12 2 10 0 1 16 7 1 7 7 1 16 16 1 
12 296519 10 11 6 15 9 2 17 8 6 15 5 6 
38 200810 13 10 11 6 7 18 19 6 18 12 2 14 13 4 11 13 7 2 19 14 4 13 12 4 0 7 9 6 18 10 8 11 0 19 9 19 18 9 
36 26081 8 2 15 5 6 0 4 0 11 18 4 5 10 8 17 10 10 15 0 12 3 3 12 3 12 12 13 1 18 13 3 18 7 10 15 13 
40 229114 1 10 10 18 12 19 7 2 1 2 2 13 18 5 17 13 10 9 18 11 19 11 6 10 18 16 5 12 18 9 6 12 19 16 2 11 7 10 6 0 
34 27605 2 18 3 7 8 4 5 19 4 8 18 14 19 14 11 11 5 0 9 17 11 17 11 15 17 1 13 9 6 13 7 0 11 10 
10 209914 5 11 10 6 9 16 5 15 0 8 
20 220017 9 4 6 1 19 15 14 4 17 12 17 4 13 9 14 13 0 0 10 11 
13 23760 19 13 16 19 1 8 12 10 18 8 9 11 19 
34 21653 1 18 0 17 3 1 3 8 2 4 10 13 19 19 14 10 12 2 10 14 10 14 16 8 2 5 11 1 2 9 4 3 19 16 
33 252218 16 2 0 0 12 13 11 11 19 2 16 1 4 2 12 18 18 12 12 4 16 5 6 5 1 1 4 17 14 18 15 11 0 
7 23834 1 7 8 12 9 16 14 
25 213818 3 16 10 7 12 6 12 10 3 13 12 7 2 18 5 10 1 17 17 17 14 10 4 2 3 
45 20789 10 8 7 5 4 9 12 9 16 16 19 19 1 3 19 3 2 16 13 15 6 3 12 0 13 8 14 8 13 4 17 3 12 4 8 8 14 12 17 2 8 17 13 9 0 
32 264514 9 10 2 15 13 14 7 19 15 1 7 8 5 5 12 17 1 12 5 15 5 3 9 13 12 3 15 4 15 12 19 16 
12 28533 8 19 2 7 14 3 6 3 8 11 7 17 
25 237915 0 16 10 10 2 2 5 17 18 12 9 9 1 3 2 4 11 2 7 10 16 2 9 11 3 
12 225012 17 2 7 18 18 17 0 0 11 17 9 10 
39 267819 10 14 2 7 5 16 14 8 4 8 17 16 11 9 18 4 7 0 11 17 11 1 9 11 4 6 1 6 15 11 6 18 5 0 5 3 8 19 3 
2 279912 0 11 
41 20397 0 11 10 9 2 11 10 6 8 16 7 14 4 10 12 2 8 12 7 3 12 18 6 5 17 10 5 0 11 16 7 4 8 18 5 2 1 16 8 1 4 
7 26968 18 8 2 18 13 1 1 
35 237119 2 1 9 0 1 12 16 1 8 16 11 14 19 12 10 7 6 14 15 2 15 5 2 17 15 15 11 16 13 2 7 15 3 8 15 
7 24724 18 1 0 9 15 11 13 
17 251919 11 6 13 6 3 16 16 18 3 7 6 16 1 13 12 5 13 
19 20425 3 12 6 16 13 13 7 6 10 18 18 2 16 11 0 19 19 8 17 
43 25473 19 9 8 3 6 1 15 0 7 18 12 5 6 5 19 14 3 9 12 1 3 9 5 16 0 4 4 18 19 4 13 11 13 2 14 11 15 1 11 14 0 3 0 
26 250011 12 3 12 17 17 8 18 14 4 18 18 0 8 10 4 2 1 9 16 15 0 11 17 3 6 9 
18 25387 18 1 12 14 5 9 3 13 7 17 9 17 7 2 6 17 6 8 
38 26484 6 0 7 15 4 13 4 2 3 3 1 16 15 7 2 16 10 15 15 7 17 13 14 19 19 12 17 19 2 17 15 8 18 2 3 2 8 19 
44 27913 17 0 10 16 2 19 6 9 14 5 6 19 0 17 18 4 15 9 6 4 4 15 2 7 10 4 15 10 1 18 5 10 18 7 7 0 6 5 2 13 11 0 12 3 
28 212319 5 12 5 9 17 12 12 16 3 8 3 5 1 1 10 4 12 17 3 4 16 8 6 9 11 7 1 6 
37 23245 14 9 3 3 18 15 7 14 10 8 17 7 1 10 17 5 2 7 0 7 3 1 5 12 12 12 13 19 1 10 16 15 19 19 11 17 7 
48 26919 18 0 17 0 10 6 17 5 13 18 12 16 19 17 8 3 2 14 14 3 16 11 11 15 10 2 12 9 0 15 19 11 7 16 3 9 2 0 14 8 10 6 4 9 16 5 13 18 
21 266713 7 10 4 14 1 6 18 2 19 13 1 10 12 9 13 1 4 5 16 12 16 
4 286817 10 5 10 0 
36 291014 15 12 10 9 5 17 7 8 8 12 9 10 4 11 15 18 15 0 14 19 16 0 7 6 11 13 8 11 1 18 17 17 3 8 6 8 
47 274616 5 18 6 15 15 9 2 13 4 2 19 3 11 19 2 17 2 7 5 6 9 16 3 18 19 3 16 7 0 2 16 17 1 14 4 8 3 6 1 7 1 12 2 12 11 16 1 
6 298418 12 5 14 7 3 5 
33 26795 3 14 1 13 7 15 17 15 10 16 16 9 17 0 11 1 11 19 2 17 3 12 1 0 19 9 3 4 12 15 1 7 1 
44 26528 1 2 3 11 18 11 0 7 11 3 0 14 3 2 4 18 6 5 19 5 6 14 10 18 1 3 18 2 18 10 10 19 4 5 11 2 8 3 1 19 7 1 6 2 
25 25900 2 15 11 7 2 18 9 12 19 13 2 14 11 5 16 2 9 14 13 4 2 9 17 2 16 
39 298018 14 10 10 8 5 14 8 19 12 17 4 3 2 18 17 5 3 6 8 5 0 13 1 2 2 18 16 10 17 16 8 4 6 11 4 4 17 12 15 
49 216211 4 4 10 14 10 5 0 10 10 12 3 11 14 18 10 3 8 19 19 9 3 18 12 8 14 9 12 1 18 14 13 2 19 3 8 1 8 8 3 11 0 6 14 7 4 4 10 5 4 
1 291419 11 
46 23595 15 12 7 5 18 12 19 9 15 8 10 15 8 13 18 9 12 13 8 8 9 18 13 13 11 19 5 3 17 16 0 12 0 19 9 19 11 9 8 18 17 11 6 5 16 4 
26 276817 6 9 19 16 14 4 8 14 9 11 11 6 3 16 18 3 5 17 14 14 18 13 3 9 19 1 
35 299519 6 13 6 15 4 2 9 8 2 15 18 13 19 16 9 15 14 12 12 4 6 19 2 19 2 11 10 15 8 6 7 14 11 13 1 
35 29273 3 10 10 13 15 9 9 4 16 16 16 9 12 15 8 14 6 10 17 17 18 5 15 5 12 6 10 5 13 9 8 16 19 11 2 
27 274011 3 17 19 12 6 11 7 14 17 13 16 6 2 6 4 9 11 16 15 13 13 0 3 14 17 14 5 
19 28815 2 5 14 14 17 0 17 16 6 15 1 15 1 16 1 5 5 5 13 
43 281819 13 1 13 10 16 18 1 9 15 16 6 10 10 15 2 19 11 9 6 5 4 8 1 5 5 18 2 11 11 1 10 5 14 15 7 2 5 1 12 0 17 18 10 
49 253413 18 17 14 5 2 18 5 15 15 2 14 18 5 17 11 7 2 5 2 10 0 7 3 12 8 0 2 10 11 8 15 9 18 1 6 12 11 3 8 7 18 14 17 3 11 0 11 14 17 
25 235617 13 19 1 13 11 4 15 2 4 11 3 2 4 2 15 16 5 3 3 3 9 12 19 0 12 
22 22269 7 14 19 0 5 0 5 8 4 1 2 9 4 6 3 8 0 18 4 17 13 19 
33 29423 12 15 7 14 13 9 1 0 8 14 17 8 19 6 5 12 8 6 16 6 9 17 18 8 1 16 13 13 9 16 16 1 3 
16 29678 5 0 8 13 14 6 13 6 4 18 18 4 16 7 3 6 
46 28216 9 9 19 2 18 7 11 11 10 7 18 19 12 19 19 17 5 17 10 3 1 1 14 18 17 1 1 15 17 14 1 18 4 13 1 2 0 4 6 3 11 4 14 15 15 13 
24 22613 6 4 16 7 18 14 17 11 15 12 0 2 6 19 6 19 12 0 11 16 6 6 19 3 
10 210610 6 10 11 9 16 8 5 16 18 12 
43 280219 17 14 1 3 13 19 14 17 0 18 13 18 4 4 13 5 10 4 3 12 7 4 9 7 1 5 6 13 10 0 13 7 14 14 3 0 14 17 17 6 7 11 16 
2 29072 9 18 
26 239210 13 8 11 1 9 8 19 3 18 11 16 6 5 2 9 5 8 18 3 14 6 6 3 10 13 5 
9 24833 3 6 16 11 9 9 0 18 0 
5 259611 11 14 9 6 15 
44 25346 9 1 4 7 4 14 13 1 13 8 4 8 14 12 11 4 14 11 14 14 19 2 18 2 9 7 8 4 13 3 10 3 4 6 2 0 0 15 1 5 4 5 13 10 
19 21646 3 8 0 10 7 15 8 9 4 7 10 8 0 13 11 15 9 17 18 
49 27105 10 15 9 7 1 0 8 5 6 12 5 19 2 4 14 2 6 18 1 16 18 1 1 1 9 10 11 19 19 1 4 1 8 6 0 9 18 8 7 16 12 12 15 14 17 1 8 3 11 
9 27512 3 12 3 4 2 6 15 13 7 
29 22468 17 18 17 15 6 4 12 19 9 19 5 6 13 6 1 4 7 12 6 2 4 2 6 18 8 1 3 8 13 
19 279610 7 13 18 5 10 2 16 19 13 14 17 6 12 10 3 19 2 1 2 
18 25030 8 4 2 11 12 7 12 0 9 11 5 7 8 15 9 17 6 15 
21 23951 15 5 4 14 19 6 8 9 1 9 9 17 3 12 1 10 16 1 19 7 19 
39 24086 0 5 5 15 8 0 17 3 18 13 17 9 11 18 19 5 7 0 2 10 13 16 12 9 9 3 9 8 2 17 15 15 2 0 10 2 12 19 5 
0 286514 
0 251612 
21 211319 11 8 1 4 4 13 6 13 17 15 2 11 4 9 6 18 9 9 0 1 8 
15 207213 19 4 2 12 15 15 3 18 3 5 3 19 10 1 13 
19 20287 3 12 16 9 10 17 10 10 18 11 15 2 4 6 18 18 10 13 6 
34 26529 11 7 1 1 0 14 13 8 13 16 0 9 17 2 6 8 12 16 19 19 11 15 5 9 14 16 15 0 10 19 1 13 18 2 
14 20308 7 18 1 15 10 2 13 12 0 13 4 9 4 15 
20 25590 1 5 8 8 17 10 7 11 3 17 13 10 7 14 9 17 7 5 7 2 
30 29312 3 15 3 7 2 3 6 3 17 4 3 5 1 14 5 12 17 14 18 7 14 4 17 11 11 14 19 5 4 10 
18 230718 3 6 12 19 4 15 16 8 11 13 10 5 10 14 14 5 12 14 
9 21963 2 0 17 13 5 1 4 5 0 
24 23496 6 8 10 14 16 11 5 9 1 2 12 15 16 17 0 2 8 16 5 10 8 14 4 14 
17 274011 7 6 0 5 4 0 8 18 16 19 15 18 12 9 10 7 18 
19 25190 7 16 6 9 16 12 13 10 0 5 14 19 11 14 5 16 7 5 6 
33 220414 13 16 3 3 15 13 2 15 14 9 3 12 11 19 4 4 2 4 2 16 16 13 2 1 1 9 6 0 5 2 6 18 18 
11 23345 15 16 12 1 18 15 13 9 7 17 5 
41 21947 17 10 13 11 3 6 13 1 18 10 3 4 0 13 6 14 10 13 3 3 14 13 10 7 2 17 16 19 18 2 19 7 4 12 11 19 18 4 0 17 6 
15 27136 0 11 1 11 4 16 6 10 9 16 9 3 14 18 2 
34 26721 4 17 13 15 8 4 11 1 13 17 16 18 3 9 10 16 0 6 12 6 17 13 2 18 16 8 16 19 13 9 12 9 18 18 
34 23382 15 19 7 12 8 5 7 17 7 16 17 14 0 15 3 14 9 1 2 18 10 1 3 11 14 12 1 12 8 19 6 3 11 5 
47 22992 6 16 10 2 13 16 15 0 19 1 9 12 3 19 14 5 2 5 11 6 18 15 14 10 13 9 1 18 16 0 0 15 16 2 17 1 18 4 1 17 5 10 2 9 10 16 6 
24 298217 3 12 4 17 2 17 19 3 15 15 3 7 2 11 10 0 12 8 16 13 18 2 16 0 
3 233816 9 2 10 
18 242515 2 15 17 19 14 1 6 1 16 5 4 8 15 16 12 16 12 6 
44 204614 6 9 12 14 10 6 17 8 4 12 2 11 9 13 5 2 19 18 19 17 2 19 4 10 11 0 15 17 6 1 3 4 3 7 19 13 14 16 14 18 8 16 1 9 
32 260612 1 16 11 10 11 10 15 1 1 7 16 11 14 10 6 18 5 14 9 18 8 5 4 18 5 13 19 15 15 17 7 8 
45 251819 16 0 14 18 13 1 6 16 7 16 3 18 1 17 7 12 17 5 8 7 10 1 6 5 8 15 12 17 0 2 16 17 14 2 7 0 15 5 16 15 2 19 13 15 8 
2 25395 17 8 
12 25081 10 5 10 17 10 19 10 4 7 19 19 9 
16 249916 3 15 3 17 7 8 13 7 1 4 13 10 4 17 10 18 
20 26568 17 6 7 7 10 14 6 1 15 4 0 3 8 8 19 5 7 7 10 14 
40 200719 11 11 17 1 9 17 9 9 6 7 8 6 18 14 4 11 1 1 4 5 1 12 4 6 11 3 9 5 4 8 5 7 11 14 0 1 3 10 2 1 
27 27437 7 17 12 19 19 13 3 16 14 7 12 12 18 15 13 15 11 1 12 18 13 18 19 6 1 1 0 
5 21983 2 6 1 6 17 
12 287112 8 17 19 0 10 9 15 15 16 7 9 9 
17 279419 16 0 13 17 12 8 8 16 2 6 9 9 3 1 0 15 9 
18 29061 0 7 16 15 3 15 16 4 5 10 4 13 2 17 3 15 17 11 
43 21199 12 8 12 5 1 19 14 19 17 7 19 4 15 6 7 3 3 12 8 13 8 1 8 17 4 3 14 7 6 5 16 18 14 8 3 15 19 9 6 16 8 17 0 
13 22630 6 18 12 14 4 12 8 12 9 12 15 15 0 
13 280016 3 6 17 18 1 8 7 19 17 7 16 9 10 
32 220917 10 13 3 14 5 11 18 6 16 13 1 16 6 2 4 9 8 13 7 2 14 6 1 11 13 10 0 16 2 2 5 12 
15 284819 13 12 17 19 8 3 1 16 1 15 12 3 3 6 10 
17 23529 19 3 14 1 15 2 3 17 7 7 5 16 6 18 0 16 9 
8 285910 4 12 17 16 15 1 14 18 
48 240619 9 1 13 10 17 8 5 14 15 13 19 3 11 9 3 19 19 11 10 1 7 3 19 16 18 12 10 16 10 17 15 12 10 1 14 7 9 12 14 16 5 5 0 8 15 15 8 6 
49 29787 6 13 18 2 12 10 5 0 13 14 16 5 4 9 11 12 10 3 6 6 0 3 18 1 18 14 9 16 13 19 4 11 13 2 14 17 5 19 17 18 5 5 3 9 6 6 1 16 2 
49 23032 15 1 3 5 15 4 2 0 16 18 12 9 12 18 18 17 17 15 15 2 13 10 3 19 17 17 16 19 8 11 13 3 12 17 9 0 13 11 12 9 9 4 10 1 2 8 11 11 16 
46 20859 17 9 0 6 6 8 5 6 19 18 10 4 7 19 16 1 2 8 2 11 5 13 4 7 1 15 19 9 14 16 10 11 5 11 9 3 11 14 10 11 4 12 7 4 11 3 
27 25533 19 16 8 4 12 16 6 0 7 7 14 3 18 17 1 1 6 16 4 12 18 15 8 10 14 4 13 
27 280118 1 13 6 1 17 19 9 15 11 16 3 5 12 13 14 5 6 12 13 10 16 12 18 16 14 12 1 
0 21822 
30 25957 17 16 5 8 6 0 19 14 15 16 6 0 10 3 6 14 17 17 10 1 7 6 7 19 7 7 1 2 18 16 
11 248713 6 15 11 19 14 5 14 10 12 15 12 
37 29336 4 2 8 17 9 14 5 9 14 4 2 8 14 11 9 1 16 8 16 7 7 2 12 1 12 16 8 4 16 2 2 0 4 10 10 6 17 
15 210711 11 9 11 6 12 0 19 8 0 16 15 7 10 0 1 
43 29889 19 4 3 2 17 0 4 7 6 1 14 13 4 5 14 15 11 7 8 11 15 8 19 3 16 9 3 9 4 3 18 16 8 14 10 5 14 14 4 12 16 18 5 
10 284319 8 7 18 16 10 14 4 9 17 12 
40 26321 7 15 12 3 15 6 13 12 12 7 16 4 15 14 1 8 10 12 16 17 11 12 7 5 8 8 14 1 10 18 2 17 5 14 12 13 12 5 5 16 
5 25740 12 8 13 0 10 
16 278819 17 12 6 14 1 6 0 2 9 10 16 18 15 3 11 8 
7 23486 4 5 0 16 18 0 10 
40 23118 19 10 5 11 9 11 4 7 11 6 16 1 15 15 8 18 18 9 17 6 15 1 12 15 18 2 7 0 12 18 8 3 1 5 7 2 16 11 9 19 
40 291812 5 5 12 15 3 1 12 1 16 6 5 3 16 7 3 16 12 13 4 15 14 9 14 16 17 6 18 8 8 16 0 5 1 12 12 16 6 16 17 14 
22 226310 18 10 13 14 14 6 10 10 1 11 16 9 0 14 7 8 2 15 0 7 16 5 
11 272411 8 2 17 2 17 7 1 19 0 7 14 
19 263016 12 13 12 1 14 7 1 14 1 16 15 1 5 12 12 9 15 0 3 
32 28430 0 16 12 12 15 6 11 5 14 3 19 6 17 5 5 18 19 7 14 6 8 11 18 0 1 13 13 4 6 8 17 18 
44 246910 19 7 14 17 1 17 8 7 14 13 13 12 12 12 19 11 0 10 9 12 3 15 5 8 13 13 17 11 9 18 13 1 5 7 18 6 5 6 5 11 11 10 16 15 
22 24356 14 17 8 7 1 3 12 1 16 18 10 7 7 8 12 8 13 0 6 19 5 4 
34 25487 7 4 3 9 11 9 4 9 9 11 2 12 15 3 0 13 13 19 1 1 12 1 6 12 8 5 9 4 1 17 12 8 2 7 
10 243316 6 2 18 9 16 10 4 19 11 10 
34 247011 17 2 12 3 14 12 0 3 9 14 13 13 14 15 0 4 8 8 2 3 6 11 19 17 16 11 0 6 7 2 9 17 17 13 
0 290318 
3 263919 7 12 12 
33 252712 10 7 0 12 2 7 4 14 16 12 17 8 10 4 10 11 1 7 16 14 3 14 19 2 13 18 14 17 11 1 9 1 0 
22 22743 1 10 9 17 2 6 17 4 2 7 15 16 7 11 2 10 18 1 12 3 19 18 
31 233011 10 12 11 4 18 6 5 8 15 14 2 1 11 6 16 11 13 12 10 16 14 12 14 15 4 10 14 14 11 16 5 
23 220816 18 6 15 15 6 10 10 8 4 13 6 0 4 11 4 14 8 18 6 14 5 2 4 
31 24367 7 13 1 8 2 11 14 17 6 13 19 8 13 15 2 0 7 18 11 11 13 11 9 11 6 6 6 2 17 14 10 
25 26683 13 10 6 19 19 4 12 18 13 6 14 7 18 1 5 1 13 10 13 14 2 11 1 8 13 
10 277415 15 2 10 8 4 16 0 3 1 12 
32 254610 16 5 0 9 10 2 14 13 15 1 15 18 2 15 11 12 9 19 0 4 9 8 8 18 8 12 19 13 6 17 15 14 
12 29563 4 18 18 17 5 19 4 3 13 11 6 17 
33 26059 9 7 10 17 5 10 1 16 3 7 5 11 1 7 7 17 3 17 15 13 14 6 9 17 11 1 15 0 6 13 10 15 0 
0 200417 
0 282613 
6 269318 17 7 17 16 4 12 
23 287117 19 9 7 16 12 0 3 12 18 16 14 13 8 6 17 17 9 15 2 15 1 12 4 
8 27810 12 14 5 15 3 4 4 10 
32 22562 7 0 0 4 15 5 4 1 15 14 10 10 16 17 11 9 1 11 10 13 3 16 10 18 0 6 14 2 18 10 17 18 
1 262914 18 
35 231811 2 4 14 12 1 3 16 2 17 7 4 10 3 13 13 13 5 19 8 19 10 10 16 8 13 6 2 11 13 12 15 15 17 9 19 
20 292415 12 1 15 8 12 10 1 17 3 6 16 11 6 18 2 14 18 7 0 0 
11 28855 6 0 2 7 0 4 11 7 8 13 14 
26 20974 10 14 8 16 2 11 14 13 5 9 11 13 1 12 4 7 17 2 19 11 9 19 7 12 19 15 
25 245311 14 10 1 0 18 10 3 1 16 16 7 17 19 0 19 11 16 18 0 18 17 3 7 9 10 
1 25205 17 
25 24893 15 2 4 5 4 7 7 1 15 6 10 14 6 9 18 14 19 10 12 9 6 11 18 16 2 
40 253411 15 3 15 11 17 19 8 2 18 15 15 5 1 5 11 19 7 1 13 6 12 17 7 18 0 5 6 15 7 0 6 3 15 13 6 5 4 14 7 2 
2 246219 3 19 
43 27956 4 0 5 8 18 12 6 10 10 5 5 17 17 12 0 13 17 6 18 2 1 17 16 15 11 16 18 10 11 5 17 15 6 2 4 16 6 2 6 16 7 4 14 
37 23566 10 5 13 0 7 6 9 4 1 0 12 11 10 3 17 19 10 15 13 14 11 0 9 9 16 16 13 2 13 1 9 15 7 14 7 6 12 
48 20825 8 14 16 11 9 5 2 12 0 16 6 3 8 15 13 16 4 18 19 9 0 0 17 19 6 16 5 18 5 8 3 5 14 11 8 16 17 3 8 9 19 6 13 19 14 18 15 10 
8 266619 8 18 8 19 4 17 5 2 
2 278517 19 11 
19 29807 18 3 15 7 14 2 12 13 8 10 0 18 19 19 9 19 9 18 11 
34 27158 8 9 13 6 0 4 7 0 4 5 15 19 12 9 13 5 14 13 7 7 11 18 6 1 10 15 11 1 1 18 9 10 19 14 
38 207910 15 12 14 12 7 6 4 9 11 1 3 5 1 10 16 19 8 17 9 16 0 2 17 18 11 19 17 5 19 9 16 6 13 2 18 0 8 15 
1 210016 17 
25 281719 1 9 8 11 18 16 11 1 5 10 4 5 19 2 16 8 10 3 1 12 1 14 1 8 15 
3 28854 18 14 4 
31 27434 2 14 0 6 7 5 8 11 2 7 5 19 8 15 2 9 8 15 15 1 4 3 14 1 7 12 7 11 15 11 15 
0 28977 
6 296413 4 7 15 3 13 6 
21 24808 13 8 16 8 9 12 11 15 5 11 19 12 2 15 15 10 5 4 17 13 8 
22 20898 18 12 13 16 4 13 17 17 2 13 17 3 17 1 11 14 12 10 6 14 5 14 
26 222218 6 15 19 8 4 7 18 17 0 15 13 13 12 2 7 17 11 3 14 12 14 0 4 4 6 11 
32 24927 4 3 5 12 2 14 16 1 4 5 13 19 10 18 3 4 6 0 16 1 6 8 15 6 13 11 5 16 13 17 3 10 
30 278114 14 15 10 15 11 8 8 11 18 7 6 15 5 7 11 6 5 19 13 12 4 4 9 0 10 18 16 12 11 17 
16 28854 8 13 15 16 1 18 7 0 5 14 5 4 5 3 9 16 
16 26931 13 2 13 15 13 9 7 4 6 5 1 2 13 14 18 2 
46 23081 8 13 15 6 17 0 9 19 8 18 4 9 3 19 3 10 12 12 9 16 11 14 17 5 19 12 3 13 0 12 14 0 17 1 6 7 13 8 18 2 18 2 3 13 1 6 
13 209311 12 1 14 18 11 19 17 15 15 11 7 19 17 
47 230811 6 15 4 14 13 18 4 8 2 17 9 0 0 15 11 4 8 17 2 11 17 19 6 4 2 13 3 12 13 11 3 19 19 19 5 4 10 9 12 12 18 14 4 18 1 8 2 
1 204516 13 
44 238711 18 10 5 13 14 10 17 9 1 16 8 18 12 10 19 17 14 17 3 19 7 4 7 1 17 4 17 10 19 4 2 9 6 19 3 0 1 12 1 14 0 10 12 12 
2 23119 7 0 
12 294619 8 5 0 18 9 9 0 8 13 2 10 12 
43 23654 6 17 6 0 17 8 12 1 0 15 3 7 7 7 5 6 8 10 6 6 0 15 6 0 1 1 2 5 6 7 9 13 16 7 13 5 15 18 7 16 5 2 15 
33 21691 19 17 3 18 3 15 5 2 8 18 3 10 3 1 10 5 14 18 12 0 4 8 18 3 16 15 5 3 8 14 16 0 4 
10 21907 7 7 1 15 6 16 18 1 18 0 
18 228418 11 4 2 11 14 5 19 10 2 2 10 17 11 10 13 11 12 0 
28 274014 6 6 10 4 19 0 16 18 5 14 1 9 17 12 4 14 3 6 9 17 16 6 8 7 19 19 11 11 
10 217117 8 9 8 4 9 0 0 19 5 14 
0 24953 
4 235118 7 17 7 4 
33 284513 12 16 4 4 19 6 7 9 14 17 9 18 6 9 18 17 15 5 17 10 8 1 13 18 0 10 17 4 15 14 9 0 10 
14 24162 12 3 11 7 0 0 17 18 9 8 15 16 13 4 
28 21815 11 12 5 13 9 2 1 4 11 1 6 17 17 0 10 12 11 9 13 3 6 3 5 14 11 1 7 15 
10 27211 3 5 18 17 14 0 10 10 4 11 
17 20210 17 3 12 1 12 17 4 19 13 1 5 4 3 13 19 15 6 
22 297811 11 7 17 3 17 8 7 0 17 1 12 14 4 5 7 17 14 4 8 19 5 13 
43 298018 3 15 16 7 6 19 18 5 17 2 3 17 1 15 14 2 8 0 7 5 8 16 19 12 4 19 17 17 14 18 16 9 5 12 17 3 4 15 9 1 9 4 18 
23 25794 5 19 4 12 4 12 0 16 4 4 7 2 14 1 12 10 3 9 14 0 13 18 7 
34 28919 18 1 12 9 5 17 1 10 2 5 2 2 1 19 19 0 1 13 14 5 15 17 14 1 17 19 12 4 13 3 5 3 5 17 
45 20027 6 12 9 3 7 3 17 6 2 17 19 15 11 4 10 0 10 4 17 2 16 14 7 19 19 3 16 9 8 11 16 6 3 5 9 2 0 6 8 3 16 19 10 19 3 
13 22806 17 9 8 13 15 7 4 15 10 13 16 18 4 
42 215619 9 6 2 9 4 2 4 12 2 15 12 17 8 4 15 17 13 15 10 9 3 14 16 13 7 4 4 3 16 0 3 17 18 17 6 15 19 3 7 13 18 11 
23 289815 18 15 1 14 17 2 17 11 10 2 11 14 6 14 10 7 9 19 17 6 5 12 18 
0 21803 
48 26636 8 11 5 15 12 11 12 6 0 16 16 2 7 10 1 13 12 8 15 11 5 13 8 18 11 9 10 15 19 5 13 0 16 10 15 0 1 0 6 1 16 2 16 15 4 17 0 8 
37 227519 14 9 0 4 12 1 14 19 12 0 13 12 8 3 0 9 17 0 15 10 16 10 6 11 14 15 3 3 12 19 14 7 0 6 11 12 19 
8 252412 10 9 16 18 12 16 19 1 
6 250712 4 17 10 7 3 6 
1 287810 10 
45 24492 3 13 6 3 3 10 15 13 19 11 3 4 0 15 17 8 2 9 13 19 12 12 14 10 3 5 0 5 10 2 19 13 15 6 16 18 16 3 3 8 7 18 4 7 13 
1 285515 3 
10 240615 5 13 5 8 18 17 6 8 19 5 
3 212611 10 16 0 
15 28390 12 10 16 19 3 17 7 11 0 19 9 7 4 14 12 
35 227210 3 12 1 8 6 8 12 8 4 4 13 16 16 6 6 12 17 1 1 4 4 14 16 6 1 0 0 6 17 5 16 0 17 9 1 
23 241713 3 14 9 17 10 5 15 8 9 12 1 10 17 18 4 5 16 18 17 16 4 15 1 
20 238711 1 8 6 19 13 10 5 14 7 7 19 2 15 0 6 8 11 15 18 7 
40 23145 18 11 9 5 4 1 12 15 3 13 14 14 6 4 19 1 3 6 12 17 13 13 3 1 16 19 12 3 19 6 9 17 9 10 14 6 12 7 1 7 
12 24751 18 11 0 11 14 18 16 11 11 1 15 4 
19 220616 4 5 15 5 15 4 16 9 10 0 8 4 7 0 11 0 11 3 12 
44 230910 2 13 1 15 0 17 4 6 14 9 11 9 14 18 5 2 0 8 2 8 12 9 1 15 1 4 10 13 18 0 3 13 13 16 8 13 14 13 19 8 14 2 9 0 
21 21663 1 14 5 1 6 7 14 14 8 18 4 2 9 4 5 2 9 2 10 14 8 
35 24858 1 0 17 2 13 3 5 6 10 10 7 8 9 14 2 18 12 7 12 1 3 9 15 5 11 6 19 11 13 17 19 7 17 16 9 
32 225214 8 14 16 7 2 18 1 5 16 14 12 8 7 7 17 3 12 1 1 4 12 6 1 12 13 10 0 2 12 4 8 12 
48 213719 1 15 1 18 3 7 2 11 6 9 0 9 2 13 2 18 6 9 11 10 2 1 2 17 5 19 5 17 9 2 8 10 9 1 0 12 8 2 15 15 12 16 16 6 9 19 4 7 
8 28159 2 8 4 19 5 3 5 14 
12 221914 15 1 16 15 13 4 10 9 11 2 17 0 
0 278619 
36 268619 3 15 1 3 19 13 8 2 18 14 7 9 8 2 10 4 9 16 1 19 5 4 13 2 4 13 0 15 9 6 6 12 14 0 15 13 
13 24558 3 1 7 12 10 9 15 6 10 11 19 10 16 
14 230310 0 17 10 8 18 9 14 3 3 6 10 8 19 6 
28 25827 15 7 9 16 2 16 7 13 7 17 1 11 0 11 4 9 13 4 0 2 10 3 17 17 13 6 8 19 
34 239119 10 18 8 6 12 16 13 17 4 2 18 7 3 1 3 4 6 7 4 1 10 7 18 7 13 4 15 12 11 18 3 1 8 4 
9 22000 5 17 16 7 15 16 2 8 19 
37 201519 3 16 9 3 6 16 16 11 3 0 2 2 4 15 10 0 14 3 0 19 0 9 7 8 5 1 16 16 8 3 15 4 11 4 7 18 12 
3 234116 15 3 10 
49 255012 11 4 15 12 16 16 13 15 16 10 16 4 6 17 8 2 1 11 18 0 9 11 15 2 19 10 5 1 2 7 13 13 12 9 17 8 17 10 15 13 12 11 17 19 8 17 13 1 9 
1 290110 14 
46 26135 19 10 6 1 18 0 6 2 9 4 2 18 6 17 11 19 0 8 10 9 6 3 2 7 14 4 17 1 12 2 6 3 5 13 16 3 13 3 17 14 19 19 12 5 8 15 
36 252815 6 9 1 1 12 0 16 8 10 9 0 12 15 4 17 0 0 12 13 15 9 19 14 0 3 12 8 10 0 17 6 7 18 19 8 10 
0 299618 
10 225711 14 13 15 4 13 7 16 19 15 18 
10 228910 6 13 19 16 14 8 2 13 6 2 
13 218914 2 7 16 19 18 10 12 5 14 18 5 3 9 
30 208119 1 11 17 15 2 14 9 2 8 2 9 2 15 18 16 17 17 4 9 16 15 1 13 9 11 18 4 0 10 5 
12 20329 9 7 3 15 8 6 4 2 7 6 9 17 
5 267914 19 8 2 6 1 
16 210813 14 12 5 17 10 17 9 19 7 8 2 2 8 0 18 10 
7 243719 4 12 18 19 3 6 13 
10 28889 18 13 16 10 18 13 0 16 14 11 
35 21626 9 10 6 0 12 14 17 11 10 9 2 9 12 0 3 14 8 4 12 13 0 3 12 5 15 0 19 7 7 13 13 8 15 11 8 
17 20255 11 16 6 13 17 11 13 12 5 14 17 10 7 9 13 11 7 
20 26036 7 10 0 12 11 15 4 19 15 1 17 6 9 3 19 7 6 4 11 12 
8 226014 18 10 7 1 17 19 5 15 
9 25357 3 18 15 7 18 10 1 15 16 
40 26707 9 17 11 1 1 2 1 15 12 3 14 13 12 5 18 8 4 6 7 8 4 2 7 14 4 8 1 0 11 12 19 0 1 3 13 14 17 15 1 9 
40 26352 15 12 13 15 17 19 2 17 15 17 4 10 1 5 11 14 16 15 13 8 8 8 2 2 5 9 3 14 11 10 9 6 3 2 1 12 13 16 9 0 
43 228510 14 10 14 8 6 1 14 7 10 2 9 4 8 10 8 14 1 10 3 8 5 17 9 17 10 5 18 11 18 4 13 5 14 19 5 13 1 19 0 3 14 1 7 
4 25317 8 12 18 4 
30 25351 2 13 4 19 11 15 10 15 0 15 2 0 0 15 13 12 7 8 6 8 15 0 19 15 0 3 13 4 4 8 
6 203813 10 17 17 17 19 4 
29 29066 9 7 13 14 11 0 2 17 0 10 9 11 5 9 15 10 6 11 10 12 9 16 14 18 13 3 10 17 12 
16 211614 15 9 0 6 10 15 15 10 5 4 2 2 6 9 12 12 
30 291416 1 10 2 11 3 17 1 13 9 18 9 15 13 18 16 12 0 11 7 3 8 4 5 10 2 6 14 6 6 8 
4 280719 8 10 14 5 
32 26876 2 16 2 15 15 18 19 7 1 19 10 9 15 15 19 9 1 13 15 19 1 9 18 12 17 9 7 14 1 14 0 3 
43 270210 18 12 2 17 13 1 8 2 8 15 13 17 9 18 12 8 0 13 7 4 2 8 11 16 1 18 16 16 1 11 6 11 3 0 8 17 13 16 11 1 12 5 18 
31 26632 1 15 15 0 12 9 8 15 17 9 13 6 5 14 17 4 17 12 4 6 1 18 14 13 11 6 10 10 19 5 4 
21 26930 1 5 1 2 0 19 3 6 5 1 0 14 17 10 6 1 16 8 11 10 13 
5 26493 5 8 0 9 1 
3 262115 10 15 17 
13 201412 9 11 13 1 5 10 11 11 4 19 11 7 10 
44 202219 7 19 19 0 1 1 13 14 8 16 9 17 19 15 9 8 18 15 1 3 17 13 7 1 12 10 1 14 15 15 5 14 15 5 14 8 18 0 2 18 16 4 15 7 
11 252415 10 11 8 5 9 1 4 2 6 15 3 
22 237019 18 16 6 15 3 14 5 3 8 3 11 12 18 18 16 14 5 6 6 13 11 15 
47 201617 5 3 13 17 13 12 15 1 10 10 4 4 7 19 4 10 10 9 0 0 5 15 17 11 1 11 14 8 10 10 5 15 13 10 12 18 2 8 12 4 10 16 8 10 8 5 0 
20 215413 11 19 8 8 10 1 11 4 9 1 7 6 16 12 9 1 3 11 9 15 
36 21113 16 1 11 1 14 14 7 7 5 6 7 5 8 8 9 5 9 10 4 7 19 16 16 0 19 0 1 6 8 12 2 16 6 5 10 0 
49 283719 16 4 6 2 4 14 11 9 15 13 13 2 4 2 11 4 13 11 17 0 19 2 14 15 8 19 5 0 19 15 19 15 11 5 9 15 11 12 17 6 6 2 0 2 4 11 19 18 2 
36 201013 18 4 1 6 3 18 18 14 13 17 2 4 14 11 0 5 4 9 3 2 11 4 16 16 15 15 6 10 12 16 15 10 12 16 9 7 
35 21872 8 17 4 5 11 7 17 9 3 6 12 17 17 8 14 13 16 9 11 18 1 7 13 4 19 2 13 19 17 12 1 17 1 17 2 
35 264419 14 0 17 18 17 15 19 3 0 15 13 12 5 6 11 18 10 3 0 15 2 9 0 15 7 1 12 1 6 8 13 12 0 10 3 
8 28972 1 18 9 6 2 14 13 5 
2 27758 5 3 
0 23343 
7 241316 9 7 3 10 0 7 10 
32 24900 0 12 14 10 1 0 12 7 5 9 0 1 18 17 4 0 3 19 18 9 15 19 16 18 9 8 18 0 10 8 0 10 
13 227412 6 7 16 14 12 6 6 5 4 3 9 16 18 
8 29747 4 14 15 14 15 3 4 15 
34 20338 16 6 14 9 12 1 5 6 14 3 4 11 19 7 1 16 18 1 2 5 17 8 13 4 4 16 8 11 2 1 19 11 19 6 
0 24047 
17 238213 13 7 5 12 6 18 8 4 19 11 10 9 19 3 13 3 11 
3 266714 7 18 5 
6 292417 2 12 6 5 17 19 
4 260212 10 12 0 15 
22 280317 13 3 12 18 18 3 11 17 9 10 16 6 17 0 15 11 4 2 8 2 13 12 
46 26253 9 18 10 13 13 7 6 16 11 4 7 6 7 4 16 18 0 14 7 13 10 10 17 4 19 19 17 11 16 3 6 5 13 16 10 6 15 16 15 18 12 14 5 11 10 13 
1 22117 8 
6 220919 13 13 10 5 11 13 
1 24460 18 
9 27888 17 16 16 12 14 0 6 19 11 
37 255213 0 12 13 16 1 4 1 15 14 6 18 8 19 4 0 17 3 0 17 12 16 5 5 11 5 3 2 9 12 7 14 12 19 7 0 12 4 
12 216710 0 5 10 0 1 10 9 4 11 7 17 19 
44 259410 10 17 5 11 10 12 5 14 11 4 7 3 8 1 3 11 1 0 1 1 2 4 11 18 7 10 7 6 6 1 17 8 11 2 19 13 6 4 7 17 1 14 12 1 
45 268712 9 8 14 10 2 10 13 0 17 15 8 3 2 1 12 10 4 6 2 17 12 18 17 1 19 3 14 1 19 1 5 0 1 11 10 3 1 16 4 18 3 4 2 5 17 
44 23282 13 10 11 5 0 8 7 0 12 13 13 3 6 18 3 8 10 5 3 11 1 19 2 17 3 16 2 13 10 2 7 15 4 18 1 5 7 8 17 11 13 10 14 19 
40 25297 2 14 11 14 8 10 8 5 6 4 19 11 6 14 18 2 18 16 3 15 15 3 12 6 16 14 12 7 15 1 15 9 8 18 15 16 0 3 13 18 
47 27329 14 18 19 8 17 16 3 4 11 6 9 10 14 3 2 1 10 4 8 0 12 18 15 0 19 11 13 9 18 17 11 4 16 10 12 5 18 7 9 2 13 18 12 19 14 14 13 
46 201013 16 2 12 4 14 3 15 7 12 5 17 15 10 5 6 14 10 16 2 11 18 7 2 10 19 16 17 4 12 7 17 1 2 9 5 16 12 12 16 17 17 5 12 19 10 10 
6 23527 0 3 5 19 5 8 
48 25535 2 18 12 12 19 6 1 16 3 6 8 11 15 17 16 7 17 6 10 3 10 17 15 13 14 14 11 2 5 16 19 19 14 12 11 5 18 13 1 13 11 1 4 6 19 12 5 8 
0 20353 
20 248418 6 11 12 9 5 17 5 5 17 12 9 0 17 7 13 19 13 16 12 9 
32 27632 0 11 4 15 6 5 12 4 3 3 9 12 8 18 9 13 7 1 14 8 19 2 13 10 7 10 14 8 4 18 2 4 
31 26670 8 4 4 12 7 7 13 11 7 12 0 13 19 2 7 7 13 1 1 3 8 3 17 9 7 7 11 12 9 18 4 
27 29348 1 13 7 7 4 14 19 17 19 10 11 7 18 4 8 11 19 9 14 8 10 1 16 1 5 5 12 
29 23746 17 7 0 4 14 4 11 13 13 10 4 4 9 14 8 18 17 7 19 11 8 9 4 4 2 10 1 14 11 
5 21619 14 1 5 9 17 
18 279411 19 18 15 8 4 16 18 1 15 9 4 3 10 1 7 13 3 0 
27 29347 0 15 2 13 13 11 11 1 5 14 12 16 9 1 12 17 11 6 13 13 10 16 3 3 16 8 6 
46 202813 4 8 8 6 2 13 17 5 15 14 19 7 10 0 0 3 18 4 9 11 17 11 19 12 15 15 1 13 12 9 18 16 9 19 14 11 12 11 16 19 17 7 19 8 8 19 
23 284615 12 9 12 15 8 17 2 4 18 16 8 19 6 4 8 5 18 12 18 1 0 17 18 
38 219618 16 8 1 14 15 5 15 0 1 3 17 3 19 7 11 7 6 18 3 6 3 1 18 13 14 19 3 5 7 11 3 15 19 17 1 7 2 16 
7 262319 4 7 11 11 18 18 9 
38 212215 12 15 14 5 2 5 0 7 4 12 2 11 11 19 12 10 14 0 17 17 11 1 16 2 4 7 1 13 15 15 1 19 10 7 17 12 12 17 
31 28489 14 19 13 5 3 3 19 3 1 9 14 14 5 9 11 4 10 16 0 17 17 11 19 4 8 4 8 6 15 8 7 
1 28190 19 
42 299618 17 9 19 4 15 5 13 6 1 15 3 1 12 0 13 11 17 13 15 17 11 3 6 19 4 5 11 15 0 19 6 9 8 5 13 4 2 6 10 4 13 5 
45 262518 10 9 15 16 16 4 7 19 10 18 16 8 2 11 0 1 17 9 2 3 3 6 5 1 8 9 7 6 7 12 4 9 13 11 17 10 15 5 1 18 15 17 18 17 9 
28 201118 7 13 1 2 11 19 4 11 0 11 17 19 15 1 1 1 12 18 3 0 15 4 10 3 14 8 12 15 
46 292313 13 8 7 8 19 6 4 11 18 15 8 10 2 2 11 15 6 1 18 6 17 3 8 12 17 16 4 12 14 8 17 8 16 4 8 8 2 12 11 1 7 19 3 1 13 14 
37 26007 7 18 16 10 7 8 19 15 13 3 10 13 1 10 9 17 18 9 0 10 0 13 9 12 16 2 5 2 19 5 9 19 16 6 1 15 14 
1 20107 16 
20 26009 10 2 7 0 3 7 10 4 12 19 16 8 2 13 10 13 11 19 12 7 
25 262614 12 19 4 19 15 17 12 5 19 6 4 0 9 3 10 5 15 2 13 3 16 7 13 9 18 
34 239417 2 12 11 14 11 15 5 6 4 9 3 4 15 7 4 17 2 6 2 17 8 16 0 4 3 5 6 13 2 12 2 4 4 13 
18 29750 15 13 5 5 9 1 0 8 5 9 11 11 12 8 12 0 9 16 
5 212614 8 8 18 2 12 
22 21552 9 7 18 3 4 15 12 5 15 0 2 17 11 6 9 0 18 9 1 6 16 7 
1 21168 19 
48 293214 5 15 3 12 5 18 9 0 10 14 7 3 9 4 6 15 5 6 13 6 19 19 2 19 12 18 7 4 16 11 10 1 6 5 6 3 4 15 3 6 1 3 9 2 7 16 17 13 
24 220219 6 14 2 5 6 12 4 2 9 15 12 2 14 10 0 17 14 7 13 0 1 16 2 3 
13 24981 8 4 3 8 10 17 2 7 16 14 11 10 15 
29 291510 13 5 10 10 19 10 3 11 11 11 13 14 15 3 7 3 8 3 3 10 12 17 18 0 12 9 11 19 8 
18 290113 3 4 4 14 14 19 5 5 11 11 11 18 14 11 13 14 14 17 
15 213814 3 19 18 4 2 10 5 0 11 18 15 15 14 9 1 
16 208618 9 9 10 7 4 13 12 18 19 1 15 17 16 18 8 6 
5 211016 0 2 0 10 17 
5 262518 9 3 17 7 12 
16 286911 2 2 3 13 1 5 8 11 13 19 19 11 14 2 0 14 
14 238016 14 7 1 4 16 4 13 4 8 0 13 19 2 8 
23 23079 0 16 0 13 15 12 16 9 14 16 15 10 16 11 16 4 5 1 12 1 14 8 10 
16 25421 1 10 4 8 11 16 4 4 1 19 8 18 0 2 14 7 
14 243119 1 7 16 14 11 9 8 0 19 7 2 1 8 4 
37 25767 6 13 3 7 4 11 5 5 5 0 12 2 3 3 3 2 19 17 13 1 17 13 0 4 7 13 12 3 3 1 3 9 14 6 16 18 10 
24 22957 6 8 9 1 3 4 3 15 1 8 16 11 14 16 15 13 2 0 17 5 13 12 6 7 
20 260217 0 8 13 8 14 13 9 15 16 14 10 11 7 19 19 18 5 8 6 18 
20 252615 7 19 7 13 18 10 7 7 10 16 0 10 2 5 0 18 2 14 0 5 
11 271917 12 4 5 18 3 15 4 10 14 15 10 
47 23450 6 12 2 2 13 13 17 10 5 15 12 19 15 10 12 7 7 4 3 12 2 18 19 18 9 5 5 11 4 10 11 10 3 5 5 8 18 2 18 3 9 3 14 4 5 19 3 
2 21557 16 18 
35 23478 6 12 14 17 8 16 0 18 19 6 15 19 16 17 18 12 6 13 18 3 18 17 18 2 13 5 10 3 3 17 3 9 1 17 19 
49 270611 19 17 17 15 17 6 12 7 18 11 0 16 6 18 6 4 12 19 2 2 14 17 19 17 6 12 7 17 13 13 9 12 10 18 7 7 4 12 6 2 15 6 11 1 16 17 17 8 16 
1 25302 8 
11 29597 5 6 4 18 11 5 11 2 4 10 1 
28 25028 3 17 6 14 10 3 11 0 3 19 11 6 1 12 19 0 19 5 19 15 3 10 1 6 4 5 17 18 
45 27916 8 9 4 2 11 19 13 11 3 12 15 1 13 7 0 6 18 5 17 13 1 7 6 7 4 11 16 2 9 8 0 17 9 4 0 0 4 5 4 19 10 11 0 15 10 
20 29018 18 18 13 19 18 0 18 2 3 15 16 12 15 16 10 4 12 10 4 8 
37 21407 17 11 19 13 1 12 6 1 10 17 15 1 15 15 19 9 18 6 17 11 1 13 1 5 17 3 2 6 10 14 5 0 6 5 5 19 17 
11 27817 8 8 0 15 3 19 16 1 18 13 4 
19 25385 17 8 0 11 14 3 5 19 15 3 16 0 15 5 11 8 4 12 16 
24 227919 4 8 12 14 13 9 5 12 6 14 0 7 5 6 2 3 17 17 18 6 17 5 11 0 
13 201612 1 0 4 12 16 12 5 10 5 6 16 9 12 
40 282111 8 7 13 3 17 10 1 3 19 7 14 0 12 2 4 14 3 8 6 19 12 3 2 18 1 10 7 14 12 9 5 0 8 11 3 5 13 17 0 13 
36 27275 0 9 9 14 12 10 13 4 2 8 18 0 10 8 0 4 0 1 1 13 9 12 8 7 6 5 19 19 13 6 16 14 16 17 0 0 
47 20254 2 14 2 14 16 2 14 0 15 7 13 8 9 6 8 16 4 6 7 15 19 14 11 5 10 8 6 10 8 11 7 10 17 1 4 13 4 19 5 11 18 19 11 7 17 19 15 
41 26853 8 17 17 19 2 19 19 0 1 7 4 8 17 1 2 2 15 18 13 12 9 11 3 12 11 0 11 6 13 9 9 1 18 18 12 12 17 12 13 19 19 
47 26199 10 13 3 17 11 16 10 12 19 13 4 10 6 16 17 11 17 18 5 15 17 17 7 6 1 12 17 13 1 17 2 12 2 5 1 14 13 3 6 4 9 11 7 15 19 16 6 
26 239411 11 3 1 10 10 2 3 7 15 4 16 9 8 19 14 10 5 19 5 11 16 14 2 3 9 13 
39 21689 5 11 12 9 4 15 11 7 18 18 14 14 7 4 15 6 10 17 11 10 2 14 6 17 9 1 18 2 0 18 12 17 2 16 6 6 11 17 5 
41 25480 8 15 4 15 13 6 12 4 8 6 10 6 15 19 7 14 2 19 4 6 17 6 2 15 13 6 5 18 7 13 10 7 0 14 2 13 13 6 9 1 5 
49 25680 19 15 6 13 15 11 19 4 9 1 19 2 19 4 13 7 9 3 6 9 10 1 14 3 7 15 4 4 15 4 5 6 12 3 19 19 14 18 3 4 11 14 18 11 11 11 10 0 7 
16 232217 17 8 12 17 4 8 1 19 13 18 17 17 2 16 16 8 
6 25394 17 13 3 0 4 6 
10 23175 19 11 14 8 19 6 17 15 7 19 
46 22729 3 9 3 19 5 12 17 4 16 15 9 11 7 6 10 18 3 7 9 14 2 17 5 0 15 1 7 6 7 19 7 11 8 11 2 13 3 12 9 11 19 19 15 6 5 17 
44 29804 5 14 18 3 11 19 10 4 18 8 12 18 15 15 6 18 9 12 13 1 1 17 0 12 12 19 17 1 3 17 17 1 3 8 16 7 7 6 11 5 6 15 15 13 
0 285412 
2 244617 5 19 
14 205812 18 17 9 19 12 19 9 13 14 17 9 1 16 7 
23 262113 8 9 19 11 3 11 15 1 8 0 0 15 18 4 13 7 6 5 0 5 14 13 19 
1 22951 7 
2 25060 16 14 
31 222717 4 18 12 17 18 5 10 5 3 14 19 3 0 4 3 17 18 8 9 1 3 10 0 6 8 12 14 14 14 1 12 
20 217116 8 1 1 18 7 17 12 6 0 5 10 3 2 0 11 11 13 15 13 13 
13 224117 7 8 11 8 0 14 19 8 2 0 10 12 7 
17 27765 19 1 15 2 16 7 5 19 12 12 13 5 5 6 15 12 14 
38 27526 12 11 15 6 4 17 18 3 16 7 9 15 0 16 9 16 4 14 8 16 19 1 14 4 19 1 9 6 19 1 4 12 5 11 10 9 0 1 
2 24168 13 11 
48 25300 17 6 7 5 14 6 18 8 2 9 9 11 7 9 5 12 13 10 15 3 19 16 4 3 12 4 17 16 13 19 8 2 5 7 19 19 13 9 8 8 18 9 11 18 10 16 10 15 
26 273719 17 13 15 13 18 0 2 6 5 1 14 7 6 2 18 5 7 7 5 15 17 7 7 15 9 15 
47 20852 15 16 19 0 11 4 10 3 6 16 8 7 3 7 13 5 5 19 4 4 16 12 2 3 11 9 13 6 7 10 8 2 6 0 14 9 4 5 13 11 13 1 18 16 1 4 13 
48 291518 3 11 10 17 7 13 6 12 19 13 2 0 7 8 0 2 9 16 19 2 19 12 4 10 1 17 14 14 15 9 12 18 12 14 15 19 7 14 3 19 7 5 19 15 5 11 9 15 
9 21409 19 4 13 9 5 2 15 12 18 
4 21968 8 11 16 0 
30 26303 1 17 1 12 4 18 15 5 13 15 5 3 6 2 8 15 19 3 2 11 1 6 8 9 6 11 5 6 13 15 
2 28755 3 19 
31 214115 7 7 10 4 2 16 6 2 3 6 5 5 9 18 3 17 8 9 8 5 16 14 13 10 1 10 13 0 11 6 15 
30 29535 7 7 13 13 10 16 11 7 13 13 6 16 10 6 18 11 3 6 17 16 16 18 6 9 18 10 15 14 0 1 
