int 11 inorder 38 35 9 19 89 61 77 2 99 91 93
int 11 inorder 49 89 36 30 25 91 98 24 33 2 49
int 12 inorder 3 75 54 48 28 26 67 91 73 32 6 7
int 13 inorder 92 24 16 73 60 24 50 95 31 87 70 85 41
int 13 inorder 51 20 17 12 41 95 62 53 81 45 65 9 6
int 14 preorder 68 70 54 96 83 18 13 25 99 44 78 6 36 84
int 15 preorder 8 33 54 72 59 86 99 8 1 25 80 22 18 44 82
int 16 postorder 36 35 36 12 76 1 94 75 21 78 78 23 33 6 68 41
int 17 inorder 54 11 97 73 31 33 8 3 51 17 52 53 48 94 49 92 2
int 18 preorder 77 36 88 98 26 88 6 83 67 23 67 97 2 34 6 23 30 63
int 20 preorder 71 12 15 79 7 92 71 67 65 29 54 87 83 50 99 87 31 65 3 41
int 21 preorder 53 33 6 50 42 30 7 2 98 88 49 25 20 14 35 52 46 67 7 46 99
int 21 inorder 81 1 71 43 54 70 5 69 58 4 63 72 53 63 63 97 11 81 22 90 43
int 22 inorder 46 57 42 48 55 59 1 16 22 50 26 37 84 27 43 39 85 26 43 74 27 3
int 22 postorder 7 42 79 90 1 80 23 51 51 18 46 42 38 44 57 17 83 20 5 47 36 52
int 25 postorder 50 24 12 88 54 32 10 78 95 33 43 67 60 3 94 90 63 77 29 77 65 61 61 61 31
int 27 preorder 19 16 70 35 96 86 98 72 86 33 43 2 92 26 86 20 78 71 78 43 73 58 10 87 50 30 31
int 27 preorder 76 89 67 14 27 71 12 95 96 60 87 66 10 69 48 5 44 53 8 13 46 35 96 68 29 98 82
int 28 postorder 61 74 59 15 62 80 22 60 20 57 55 36 43 51 69 30 74 93 42 92 9 63 56 13 12 47 3 85
int 29 inorder 46 57 66 49 57 55 30 94 98 65 15 31 49 5 4 88 16 79 42 84 87 18 25 27 26 37 53 81 47
int 37 inorder 24 3 12 69 17 41 51 96 11 53 78 2 18 95 20 92 81 37 71 8 30 86 81 62 27 75 13 79 40 51 17 32 98 20 15 6 42
int 37 inorder 49 54 38 33 27 21 18 82 3 9 1 85 28 44 93 82 50 25 65 75 82 95 89 90 61 94 53 89 51 45 92 62 39 28 65 76 32
int 40 preorder 88 86 78 73 20 65 85 33 94 92 35 80 25 42 1 46 66 84 2 91 93 96 3 87 97 61 2 97 10 6 43 28 68 95 49 92 62 97 77 74
char 42 postorder p k c i p t m t m r m k d g r b p q c c k e l h t o i f d e k m d l n j j m p n d t
double 42 inorder 0.86 0.11 0.19 3.3 2.42 6.29 8.71 6.75 5.48 6.51 0.66 1.9 0.5 4.83 2.66 9.35 4.41 7.38 4.71 2.82 2.25 6.24 0.73 5.63 5.37 5.29 8.54 7.89 9.28 8.13 9.37 1.99 0.93 6.62 1.87 1.4 8.95 1.83 7.8 0.09 0.27 4.94
bool 43 inorder 0 0 1 0 0 1 0 1 1 0 0 1 0 0 0 0 0 1 0 0 0 1 1 1 1 0 0 1 1 1 0 1 1 1 1 0 0 1 0 0 1 0 0
int 44 postorder 43 75 53 75 54 73 65 71 98 37 81 51 35 17 16 70 90 48 73 52 34 85 58 75 62 37 84 9 10 24 84 61 30 99 97 34 47 6 67 50 23 53 60 25
double 44 postorder 8.39 8.94 0.34 3.39 3.62 6.57 3.4 4.95 4.96 4.72 6.03 7.56 0.56 1.08 9.53 5.33 2.5 7.35 6.44 7.89 8.1 0.93 8.41 6.35 7.14 4.02 9.89 5.51 4.78 2.49 0.78 8.81 7.76 5.3 3.04 9.93 1.72 3.02 9.88 0.34 8.15 4.76 2.75 8.93
char 45 preorder d l o s j m d l p a r e c h q k t o r c g p a k t i e m b o b p q r p p g f a c q g p e p
char 46 preorder d r i j q n j j t c e h t h k p h k j d q i c r l s b m l s a q i r k h r r d s t i a r n p
bool 48 postorder 0 0 1 0 1 0 1 1 0 0 1 1 0 1 1 1 0 0 1 0 0 0 1 1 0 0 1 1 1 0 1 0 1 1 1 0 0 1 1 0 1 0 1 1 1 1 1 0
double 48 postorder 0.56 7.9 6.2 6.2 2.37 0.64 1.13 2.65 6.47 1.77 9.88 8.75 5.82 3.52 3.78 5.59 6.85 6.76 8.13 4.71 1.59 6.21 2.36 3.99 2.19 8.41 6.67 2.45 4.83 9.5 6.41 5.74 1.28 6.26 3.71 5.34 9.77 6.98 6.72 6.87 3.7 2.18 7.09 3.18 3.44 6.01 3.13 4.59
int 49 inorder 35 68 83 61 80 48 29 81 96 30 9 98 35 85 68 81 55 11 82 24 9 86 87 42 14 40 23 76 55 57 91 61 53 91 60 39 16 66 73 95 80 49 52 27 18 71 35 2 13
double 50 inorder 7.36 3.43 3 2.8 4.27 8.3 6.35 6.35 8.15 8.96 4.56 9.7 9.84 6.71 0.48 5.08 5.59 3.12 1.32 5.52 2.87 6.25 8.41 8.49 4.92 5.58 9.44 2.53 7.01 0.13 6.65 2.72 4.48 6.27 5.35 6.25 8.69 1.36 9.14 9.07 4.27 8.03 4.34 6.01 0.38 1.2 4.18 0.53 2.15 5.61
int 51 preorder 1 83 22 44 91 82 5 94 13 85 42 91 17 32 77 39 20 20 38 55 58 47 82 75 12 74 53 74 33 21 4 84 73 26 4 8 85 48 22 14 46 19 40 38 97 77 16 37 65 78 87
bool 52 postorder 1 0 1 1 0 0 0 1 1 1 0 0 0 0 1 0 0 0 0 0 0 1 1 0 1 1 1 0 0 0 0 0 0 1 1 0 1 0 0 0 1 0 1 0 1 0 1 1 1 1 1 1
double 53 preorder 1.42 7.08 5.48 5.63 9.67 7.25 7.05 1.64 6.63 0.29 3.64 6.86 6.05 2.85 5.6 7.2 5.29 3.65 1.42 4.76 8.69 6.56 0.05 9.26 7.23 0.12 7.86 4.4 1.54 8.24 7.98 5.94 5.23 1.1 5.33 0.47 2.81 7.95 8.96 7.95 2.68 2.38 2.9 8.64 3.79 7.52 8.43 4.75 1.55 4.52 8.2 7.91 3.62
int 53 postorder 38 86 63 2 96 80 43 73 52 99 36 37 87 24 35 79 3 91 14 1 17 33 4 85 71 34 35 69 27 55 78 4 6 61 37 17 43 84 26 7 59 78 41 7 23 44 88 13 63 76 99 26 50
double 55 preorder 9.31 7.16 0.23 9.51 8.76 6.1 4.27 9.28 0.8 7.04 7.45 1.82 3.53 2.95 3.11 8.18 3.45 8.26 5.07 2.45 7.16 5.02 3.85 5.96 3.96 9.68 5.05 8.37 1.12 6.31 9.2 0.05 8.45 8.23 8.71 6.54 0.76 9.38 2.45 0.18 3.85 7.79 2.96 7.31 0.74 6.15 6.86 9.51 5.6 5.87 1.19 5.19 7.91 0.37 2.32
bool 56 preorder 1 1 1 0 1 1 0 0 1 0 0 0 1 0 0 0 1 1 0 0 0 1 1 0 0 1 0 1 1 0 0 1 0 1 0 1 0 1 1 1 0 1 1 0 0 1 1 1 0 1 1 0 1 0 0 0
int 56 postorder 42 65 50 31 16 48 11 7 18 12 96 57 76 27 76 74 10 87 44 61 62 96 68 67 23 18 9 88 2 34 28 45 12 85 87 12 53 40 8 22 35 65 46 4 22 39 30 37 56 30 38 48 27 78 50 44
int 57 preorder 26 53 49 65 85 30 51 84 55 19 90 37 92 13 67 91 29 82 22 44 2 45 65 7 83 33 88 87 46 30 86 20 26 72 90 32 24 64 80 12 39 53 78 30 36 22 67 54 54 46 25 90 90 4 93 55 41
bool 58 inorder 0 0 0 0 0 0 0 1 0 0 0 1 0 1 1 1 1 0 1 0 0 0 1 1 0 0 0 0 0 1 0 1 0 0 1 1 1 1 0 0 1 1 1 1 0 1 1 1 1 0 0 0 0 0 1 1 0 1
double 60 inorder 5.82 0.24 0.53 3.47 4.18 0.85 8.14 6.88 3.31 4.13 6.03 6.94 8.94 7.79 0.36 6.89 7.48 3.39 4.49 9.72 6.01 0.78 7.32 2.23 5.47 5.15 1.32 4.6 9.48 5.29 6.2 0.85 4.63 3.09 3.24 1.29 8.76 9.14 7.57 8.38 7.82 4.12 2.9 0.68 3.83 1.12 3.23 2.54 3.78 7.29 9.89 4.31 5.53 6.49 1.42 0.89 3.89 2.94 1.5 4.15
double 61 inorder 8.07 5.29 5.59 7.19 9.31 2.91 4.37 9.33 6.47 0.5 0.51 6.95 5.33 6.68 1.53 7.27 7.39 7.95 2.18 9.44 2.96 6.39 3.42 7.39 1.67 1.5 8.93 5.59 1.91 0.91 6.7 9.24 9.37 6.15 2.28 2.83 3.01 0.25 4.39 5.06 3.73 6.14 3.27 6.54 8.7 0.2 0.34 8.91 2.64 6.9 4.03 3.2 6.85 2.6 1.92 9.15 4.75 3.9 0.28 4.77 7.16
double 63 inorder 5.74 0.67 8.54 3.2 0.23 8.23 0.61 0.13 0.84 7.02 2.4 0.12 5.18 1.18 0.77 7.9 5.04 0.35 0.23 1.73 3.37 1.12 7.33 6.69 0.8 0.93 5.74 7.39 7.92 4.83 8.06 5.74 5.81 1.1 3.02 3.29 8.75 1.15 3.3 5.49 6.91 7.83 5.22 3.61 5.21 1.64 5.93 2.48 7.23 0.54 7.36 8.87 8.57 0.42 0.22 1.3 6.78 6.33 2.03 8.59 3.4 4.3 8.5
char 63 inorder t j d c b p e l h f d r b f c k n i d s b j c b h c e p g a f l q i d a f f k e h k j b c g e o b g j h g c i k f n r t j m f
int 64 inorder 26 97 41 56 12 14 73 71 59 17 32 67 81 88 56 44 82 50 54 98 82 80 94 65 13 93 41 76 44 65 10 5 98 34 3 42 92 5 28 94 43 92 8 13 62 49 71 35 66 63 36 80 82 50 51 4 93 67 5 75 84 56 34 1
double 64 preorder 5.19 9.51 4.86 1.18 4.78 3.79 5.75 3.81 9.12 5.69 1.48 5.2 2.53 8.34 4.26 8.56 0.99 9.92 5.86 5.25 3.74 1.46 8.44 6.91 6.03 5.59 4.54 4.95 5.33 9.38 5.83 9.83 9.89 2.1 4.54 9.22 6.15 0.3 7.02 0.31 5.55 5.73 3.82 0.37 6.52 9.69 3.65 0.3 4.21 5.17 9.77 9.74 9.06 7.76 9.82 7.37 9.89 0.39 7.83 6.1 4.13 4.56 3.54 4.19
int 65 preorder 45 86 92 9 64 21 48 92 37 37 35 59 65 62 7 31 44 48 39 55 43 12 78 75 23 59 29 20 75 30 71 59 15 91 31 83 30 77 92 98 92 70 76 21 54 68 85 12 41 88 72 84 31 5 94 2 50 22 43 89 95 2 60 88 36
int 66 preorder 61 64 51 97 49 34 40 85 9 42 48 61 3 58 58 71 40 4 70 69 11 73 48 51 43 5 24 54 27 72 6 4 46 69 28 69 40 90 38 32 20 95 79 80 44 58 70 39 73 82 86 23 67 88 66 22 29 58 71 97 48 9 74 58 8 82
int 68 preorder 80 66 51 89 37 58 22 28 80 69 12 88 86 92 57 51 7 31 94 26 86 38 88 55 12 9 96 12 60 4 72 36 58 75 90 38 29 21 17 6 44 64 88 80 98 49 54 73 74 97 18 13 60 72 96 33 90 21 92 35 57 88 5 96 3 38 37 10
int 69 inorder 41 49 66 59 96 84 98 28 57 62 93 16 85 80 24 89 9 47 27 39 27 22 21 93 36 38 46 65 73 25 51 99 83 65 28 94 16 34 18 94 17 18 72 96 33 2 65 70 63 95 65 9 89 78 6 30 93 89 75 13 4 41 30 40 44 1 95 63 23
int 70 inorder 4 60 5 75 69 75 40 20 93 32 84 48 89 73 56 27 53 83 6 8 97 6 45 4 77 78 40 76 46 63 89 32 53 28 47 78 41 29 17 71 67 50 60 37 46 25 72 96 58 68 19 47 36 8 82 28 3 27 10 67 70 25 28 17 26 53 17 61 92 65
int 70 postorder 57 53 2 12 10 86 67 6 79 39 87 2 97 80 64 50 35 74 37 56 88 4 90 90 25 51 86 81 8 21 25 16 75 46 41 59 85 21 1 19 31 9 48 88 68 28 7 39 34 84 76 9 74 64 30 11 60 65 86 63 57 11 94 31 5 73 96 21 20 78
char 70 preorder b i a c b g m k k r o h n d d q n d e c b o s b p e l p t m c h c l e n c m i k r c k s j p h d l h s s f s b b f n a o g q e r a k i h n r
bool 71 preorder 1 1 1 1 1 1 0 1 1 0 0 1 0 0 1 0 1 1 0 0 1 0 0 1 1 0 0 1 1 0 0 1 1 1 1 0 1 1 1 0 0 1 0 0 1 1 0 0 0 1 0 0 1 1 0 0 0 0 0 0 0 1 0 0 0 0 1 1 1 1 0
int 71 preorder 5 34 54 39 46 25 53 25 13 84 44 26 78 23 15 47 15 44 87 66 36 26 10 15 30 75 89 89 63 55 42 40 15 44 96 97 36 18 12 91 5 47 8 56 39 78 47 82 13 9 61 84 35 86 12 78 49 86 15 61 97 89 3 48 26 17 25 63 86 50 51
char 71 inorder e p m h f m b b e l f b h s q n o q p s j b f k p r t o r p o r c e i e k l l d q n e g b h q b d p r m r c i o k g b k i l n b g e g c g m j
bool 72 preorder 1 0 1 0 0 1 0 1 1 0 1 0 0 0 0 0 0 1 0 0 0 1 0 0 1 1 1 1 0 0 1 0 1 0 1 0 1 1 0 1 0 0 1 1 0 0 1 0 1 0 0 1 0 0 1 0 1 1 0 0 1 1 1 1 0 1 0 1 1 1 1 1
double 73 postorder 1.25 8.1 9.92 6.17 4.76 5.17 7.34 6.56 4.72 2.32 5.86 3.15 8.41 7.58 4.05 4.32 8.93 8.85 7.66 9.81 3.9 7.5 1.42 6.25 2.72 4.47 0.92 0.98 6.8 6.98 6.12 9.12 5.29 3.67 7.99 5.62 5.17 0.35 5.02 4.76 7.74 6.78 7.76 3.77 9.78 4.09 5.76 0.52 1.76 1.39 4.4 9.54 5.07 8.54 5.17 3.48 8.33 6.83 5.76 9.11 1.91 8.39 3.84 4.21 7.85 4.8 1.42 8.76 4.14 8.92 1.22 1.27 4.2
char 73 inorder q b q k r t k n g e n s f e n q m d g f b m l r i l g s l n j s e c n d o i l h t l d e d g b j d b n k n g h l d i a e l i t n b m p j p p l l o
bool 74 postorder 0 1 1 0 0 1 1 1 1 1 1 0 0 0 1 0 0 0 0 0 0 0 1 0 1 1 0 0 0 1 0 1 0 1 1 1 1 0 1 0 0 1 0 0 1 1 0 0 1 0 1 0 1 0 0 1 0 1 1 1 0 0 1 0 0 1 0 0 0 1 1 1 1 1
double 74 preorder 6.23 4.68 8.77 6.77 8.83 6.76 9.97 9.81 0.48 6.38 2.74 6.75 2.24 0.37 0.98 3.86 7.22 5.68 0.57 0.25 1.3 5.3 8.84 1.68 8.82 1.33 9.2 8.92 3.16 0.32 6.91 3.1 5.78 9.87 3.76 4.79 9.17 9.55 2.81 2.58 7.78 2.75 8.58 4.05 5.49 2.03 7.41 9.55 1.24 7.5 7.52 0.09 2.84 5.79 0.17 9.01 2.81 9.78 5.2 4.39 5.14 5.41 6.33 3.82 5.76 8.57 8.01 1.57 8.27 3.6 7.79 7.07 7.21 0.04
int 75 inorder 33 4 43 47 63 41 92 97 94 22 27 91 79 88 78 79 32 13 74 73 61 77 33 77 45 23 14 99 9 67 81 69 43 94 75 84 59 46 3 24 1 18 28 31 25 60 72 46 84 91 70 28 84 76 30 14 8 31 32 54 55 17 81 99 5 18 32 32 53 5 15 79 97 60 41
int 75 inorder 73 84 24 81 90 47 77 15 89 99 74 24 17 90 84 23 60 86 92 32 73 63 13 25 81 47 42 2 35 68 21 86 40 91 88 31 9 10 14 75 16 35 55 25 77 62 36 28 94 78 53 67 9 61 72 11 88 78 93 89 96 65 67 91 31 80 31 3 71 87 95 77 88 95 75
int 76 inorder 26 47 83 99 99 39 32 21 47 91 32 52 16 4 45 21 80 60 53 14 74 76 28 82 59 11 65 55 74 28 93 45 88 88 99 7 46 96 83 91 70 30 46 13 87 51 90 65 27 92 9 88 30 18 83 87 36 64 2 28 20 51 73 14 44 12 14 31 65 4 86 68 44 40 4 97
bool 76 preorder 1 0 1 0 0 0 1 0 1 1 0 0 1 1 0 0 0 0 0 1 1 1 1 0 0 1 1 0 0 0 0 0 0 0 1 1 1 0 1 0 1 1 1 1 1 1 0 0 0 1 1 0 0 0 0 0 0 0 0 1 1 0 1 1 1 1 1 0 0 0 1 1 1 0 1 1
bool 76 postorder 1 0 1 1 0 0 1 0 0 1 0 0 0 1 1 1 1 1 0 1 1 1 1 1 1 0 1 0 1 1 0 1 0 0 1 0 0 1 1 1 0 0 0 0 1 1 1 0 0 1 1 0 1 0 0 0 1 0 1 1 0 1 1 1 0 0 1 0 0 1 1 0 0 0 0 1
double 77 preorder 3.25 7.69 2.99 6.41 3.79 3.02 0.03 0.34 2.79 1.93 9.99 2.15 0.81 6.4 8.91 3.98 8.79 0.71 7.81 3.08 1.76 9.66 9.99 4.4 0.92 1.89 3.85 9.31 1.03 5.85 8.8 3.24 1.25 5.24 5.7 0.51 9.65 8.28 1.94 5.04 1.34 1.43 8.99 0.92 0.94 3.09 7.05 3.73 6.46 7.03 7.69 5.41 8.38 1.45 2.62 7.39 4.07 7.2 6.58 3.26 6.8 8.6 8.7 6.69 1.72 1.65 3.71 6.27 0.96 5.05 6.15 0.45 5.3 3.67 7.91 1.78 9.19
char 77 preorder m d r f i o n q j b j b k p s p r q l h r k a g k h t e m k j o r r a s c n d t j a s c e t l d d g o q q b o o p l j l c n r a t t s e i r m e p q a e l
char 82 preorder m n d s s i q p b l m b m c c d e n g b s r f t t h l i o q k t i r t h j j q s m e i b t f k g k s q c t s e j q k l r o t s r q m a l q d q m t h i n l o i h p o
bool 83 preorder 0 0 1 1 1 0 0 0 0 1 1 1 0 1 0 1 0 0 1 1 1 0 1 1 0 0 0 1 0 1 1 0 0 0 1 0 0 1 0 1 0 1 1 1 0 0 0 1 0 0 1 1 0 0 0 1 0 0 0 0 1 1 0 0 1 1 0 1 1 1 0 0 0 0 0 1 0 1 0 0 0 1 0
double 83 inorder 1.36 0.92 4.16 3.42 7.25 6.43 3.74 1.52 1.61 0.11 7.86 0.9 1.08 1.58 1.32 2.73 0.74 5.32 1.83 8.69 1.66 8.44 2.44 9.56 5.62 3.02 1.98 7.73 6.49 3.77 3 4.55 7.62 8.15 4.98 6.62 0.2 7.01 4.35 4.83 8.3 4.22 2.6 8.22 6 0.31 4.86 2.16 6.85 9.85 8.72 0.44 5.93 7.55 1.59 0.64 2.07 1.97 5.53 1.24 4.18 1.34 0.75 7.88 1.08 4.13 3.59 7.57 2.62 7.37 2.84 4.8 6.44 9.74 2.51 3.68 9.92 0.11 2.85 7.97 0.23 3.01 7.82
bool 85 postorder 1 0 1 1 0 1 1 0 1 1 0 1 0 1 1 1 0 1 0 1 0 0 0 1 0 0 0 0 1 0 0 0 1 0 1 1 0 1 0 0 1 0 1 0 1 0 0 0 0 1 0 0 1 0 0 0 0 0 1 1 0 1 1 0 0 1 1 1 0 1 1 1 1 0 0 0 0 0 1 1 1 0 1 1 1
int 86 inorder 85 39 55 12 76 67 14 82 97 89 28 81 8 30 24 84 44 70 19 25 8 65 91 27 21 20 15 61 90 96 84 25 76 45 73 43 59 22 79 60 7 48 12 94 96 95 36 28 87 27 47 88 6 57 72 90 42 12 88 35 84 8 52 55 8 6 39 57 75 20 87 9 45 83 24 17 33 82 61 96 92 64 99 31 56 93
char 86 postorder q n o q q h i n n g s i o o i p q r g h m s f b l t n s h f l m b m i s e p a s b c p m o k j a t o k k b d f c p r e n h s j j k o e k o c b o k e i d r k c s r a n n l k
char 86 preorder o j q k n k g c t l p k b r t n f b a l n s m c q s o i e i e g i n g r t o l p k l t h t s k p s k j q k p q t m g m b j j e c o n h q j t s s p d p i i q c g p p r q q i
bool 86 preorder 1 1 0 0 1 0 0 1 1 0 0 1 0 0 1 0 1 0 1 1 0 1 1 1 1 1 0 0 1 1 0 0 1 0 1 1 0 1 1 0 1 0 0 0 1 1 1 0 1 1 0 1 1 0 1 1 1 0 1 1 1 1 1 1 0 1 1 1 1 1 1 1 1 0 1 0 1 1 0 1 1 1 1 0 1 1
int 86 preorder 23 46 91 53 90 67 48 53 43 37 33 38 35 35 63 82 56 19 88 72 25 35 92 84 18 81 47 76 13 27 23 26 60 55 93 39 36 99 26 68 91 74 73 77 15 54 39 12 25 23 73 79 70 11 6 78 52 88 7 21 61 74 87 61 82 58 34 99 95 86 90 13 85 95 40 53 49 70 43 47 10 50 48 41 61 40
bool 88 preorder 1 1 1 1 1 0 1 1 1 1 0 0 1 0 0 0 1 0 0 1 1 1 1 0 1 1 1 0 0 0 0 1 1 0 1 0 1 1 0 1 1 0 1 0 0 1 0 0 1 0 0 1 1 0 1 0 0 0 0 0 1 0 1 0 0 0 0 1 1 1 1 1 1 1 0 0 1 0 0 0 1 0 0 0 0 1 0 0
char 90 preorder n j g l f j k h s g n k h m f e p f c e a b n g q n f l q o r c s k e j k h i e e o p h n n r s a j j t b o h e d f i e k h b l k q d j p p h i o q e e f p t c m l d d c m a r q m
bool 91 postorder 0 0 0 0 1 1 1 0 0 0 0 1 0 0 0 1 1 0 0 0 0 1 0 0 0 0 1 0 1 1 0 1 1 0 1 0 0 1 0 1 1 0 1 0 1 1 0 0 1 0 0 1 1 0 0 1 1 0 0 1 0 0 1 1 0 1 0 0 1 0 1 0 0 0 1 1 0 1 0 0 1 1 0 1 0 0 1 0 1 1 0
char 92 inorder q k c p n j f h g h l j f e s c i h s q j o g a s p f h e b n a o t h j p m d b b e h t b j f s r d r k t o h c t c q o o k h o h m p p q f s e q k e c e i f k o i j b o l g m n t q c
double 94 inorder 3.36 5.95 1.36 4.84 7.63 2.65 9.88 4.94 0.66 1.41 1.89 0.42 9.12 5.54 3.03 8.14 4.38 0.81 5.57 3.35 0.3 9.49 5.05 7.64 2.41 6.19 0.54 4.97 6.25 3.45 6.74 4.02 8.38 2.98 5.4 5.22 0.56 9.36 1.46 3.16 3.9 5.38 9.14 3.77 3.78 5.19 9.38 4.14 7.19 7.32 7.1 7.59 9.72 4.9 6.12 4.61 0.61 7.53 3.32 8.38 4 4.28 5.61 9.41 0.22 4.11 0.53 7.46 6.29 9.06 3.98 3.06 9.62 7.72 7.02 3.62 5.61 7.79 9.85 9.66 7.65 9.03 7.08 3.71 6.93 0.99 1.78 2.44 3.11 0.72 6.97 5.37 4.03 0.27
int 94 postorder 55 90 57 24 61 20 15 17 89 67 52 13 80 63 71 47 6 4 47 20 9 37 68 91 31 8 51 99 52 5 35 73 65 49 63 39 97 25 70 29 85 21 43 97 48 59 46 62 98 74 86 73 1 29 27 27 72 32 52 18 65 40 1 23 70 68 33 53 61 75 10 4 62 21 7 42 86 80 61 87 30 98 11 81 74 20 45 34 15 85 6 49 70 24
double 94 postorder 2.92 5.38 6.62 5.36 9.34 9.46 8.75 7.22 8.18 4.14 8.11 2.92 8.31 6.14 7.08 2.55 2.93 8.78 8.93 3.9 0.6 6.81 4 4.88 7.02 0.5 4.48 6.9 5.93 1.23 5.16 3.27 9.55 3.9 0.8 5.18 3.99 1.76 7.33 6.85 6.42 1.78 3.8 1.47 3.96 1.67 7.84 9.89 5.2 2.04 7.74 6.72 0.92 0.57 7.02 2.86 5.19 2.81 2.51 4.74 2.95 0.8 5.24 1.52 0.93 5.82 6.3 7.17 7.61 2.51 1.82 1.2 0.54 2.63 6.67 4.24 7.2 4.37 6.68 9.68 8.39 1.25 5.5 2.46 4.39 1.22 3.85 3.64 1.04 3.23 5.72 8.91 5.37 5.01
char 96 preorder h j m l q a h o c m g s g h s a m c b r o r q b o h a a s a r m s f m k e f s p b q l e d j j m m a e s d i k p k g d f l f a c r j p b t i k t j o g e j m t o s k m n l h a h n j c n p j j h
int 97 postorder 17 73 45 83 35 15 5 87 80 15 93 31 37 98 10 21 18 9 11 41 70 54 28 96 26 96 61 56 91 84 93 99 53 32 21 80 3 22 82 8 50 87 3 75 70 18 99 66 79 64 23 15 30 39 4 48 7 46 96 84 96 6 96 83 86 16 61 90 68 51 77 66 4 51 53 75 76 76 44 26 34 17 79 60 72 84 79 65 41 6 10 51 5 69 30 73 18
char 97 inorder q l q i b j l b t h p p p s p l e i a c s j e o p j m l k e n e m h n b n t o h n d t a q n n r e l m s p m o s t m r p r b p t i o a g s g k n t t d q k k d e q j f l h h g n i p s i e n p j j
int 100 preorder 87 35 62 95 83 78 91 26 90 93 1 90 22 22 97 97 53 77 40 35 30 37 78 61 65 88 61 64 74 75 88 21 3 16 76 37 71 8 2 23 30 56 96 5 73 62 58 82 28 34 39 40 42 58 98 20 28 24 6 21 95 10 68 80 2 26 37 20 50 98 36 44 27 3 49 68 90 45 35 77 34 49 53 93 73 38 51 9 87 23 29 22 75 57 26 34 99 21 89 21
bool 101 postorder 1 1 0 0 0 0 0 0 0 1 1 1 0 0 0 1 1 1 0 1 1 1 0 0 0 0 1 1 1 1 1 1 0 0 1 1 0 0 1 0 1 1 1 1 0 1 1 0 1 0 0 1 0 1 0 0 0 0 1 0 1 0 0 0 1 0 0 0 0 0 0 0 1 1 0 0 0 0 1 1 0 1 0 1 1 1 1 1 0 1 1 1 0 0 0 0 0 0 0 1 0
double 101 preorder 4.26 3.78 4.34 2.92 7 9.71 0.49 0.51 5.73 6.66 8.07 4.69 3.36 1.26 2.8 2.58 1.28 6.47 5.73 0.99 3.35 3.04 7.67 8.5 2.53 3.42 3.38 7.3 8.55 0.29 3.21 6.61 4.99 8.11 5.63 1.67 1.69 8.74 7.51 6.91 5.07 1.12 1.38 8.86 8.95 4.96 0.08 8.5 6.64 8.5 3.23 6.16 3.72 7.07 2.12 1.07 6.03 5.05 1.56 8.34 0.71 2.99 1.34 3.64 3.78 7.49 1.67 0.89 7.07 7.7 3.6 9.37 1.55 6.76 9.27 6.51 3.1 0.42 6.73 4.99 8.21 4.98 5.85 1.82 9.06 3.34 9.68 8.58 3.46 1.97 4.46 8.74 5.36 6.04 7.53 8.35 7.56 9.94 9.38 7.11 0.99
double 102 postorder 0.86 8.32 4.37 0.66 7.58 6.48 5.76 3.26 7.98 8.33 4.48 2.95 9.27 9.86 3.51 7.74 4.88 3.63 3.84 5.59 7.82 1.66 1.14 1.87 1.57 4.12 1.78 9.1 1.95 7.3 7.98 4.68 9.3 6.63 3.08 1.6 8.3 4.11 5.24 6.17 1.73 1.5 7.5 0.21 4.09 4.24 3.26 5.96 5.78 0.39 0.25 8.64 9.07 3.77 3.55 2.33 6.14 4.21 6.53 7.64 6.75 2.93 6.14 2.11 2.07 4.81 6.76 1.82 2.3 7.98 2.8 3.76 2.74 9.85 3.59 1.56 6.44 6.19 3.19 6.08 9.49 8.9 6.71 0.94 8.6 7.91 5.28 0.05 0.26 8.44 9.07 4.32 8.31 5.82 4.7 9.63 1.03 2.35 6.64 3.58 0.59 5.01
bool 104 postorder 1 0 0 1 1 1 1 0 0 1 0 0 1 0 1 1 1 0 1 1 1 1 1 1 0 0 1 1 1 0 1 1 1 0 1 0 1 0 1 1 1 0 1 1 1 0 1 1 0 0 1 0 0 0 1 1 1 1 1 0 0 1 0 1 0 0 1 1 1 1 0 0 0 0 1 1 0 0 0 1 1 0 1 1 0 0 0 0 0 1 0 0 1 1 0 0 1 1 0 0 1 0 1 0
bool 105 preorder 0 1 1 0 0 1 1 0 1 0 0 0 0 0 1 1 0 0 0 1 0 0 1 1 0 1 1 0 1 1 0 0 0 0 0 0 0 1 0 0 0 1 0 1 0 1 1 0 1 1 0 1 1 1 0 0 1 1 0 0 1 0 0 1 0 1 0 0 0 0 0 1 0 1 1 0 1 1 0 1 1 0 1 0 1 0 0 0 0 0 0 1 0 0 1 0 1 1 1 1 0 1 0 1 1
int 106 inorder 32 32 41 61 76 24 30 59 29 49 37 45 14 84 93 13 53 33 94 48 34 86 25 58 12 41 48 52 26 98 96 82 86 60 70 62 20 97 26 93 1 78 79 91 95 74 97 68 61 84 35 50 33 47 38 15 73 4 69 52 57 7 7 53 21 71 50 8 27 11 61 64 37 24 62 89 40 94 59 72 56 70 5 49 95 86 20 84 1 93 96 49 75 16 62 30 18 49 15 28 23 55 49 47 88 55
double 107 postorder 0.57 4.95 4.17 6.82 6.83 7.23 0.93 0.78 7.75 7.59 7.62 3.4 0.44 3.86 0.39 1.73 4.24 7.88 1.37 5.83 6.81 9.61 0.94 8.99 7.18 5.32 9.69 1.11 2.15 0.66 5.94 4.18 9.06 8.2 6.11 8.46 5 2.36 0.02 7.98 0.71 2.85 8.09 0.77 3.59 4.12 7.56 9.24 4.93 8.55 7.02 9.38 8.19 8.16 1.85 4.29 9.36 7.44 1.6 0.79 6.15 1.39 9.3 3.32 2.61 1.95 8.4 2.54 6.43 1.8 3.46 0.15 6.42 8.43 3.35 6.92 9.42 7.69 9.72 8.01 4.98 4.57 7.23 9.1 4.18 3.45 8.62 8.07 6.48 6.89 0.17 0.42 7.43 4.88 5.71 2.58 0.75 1.73 1.86 8.25 5.18 6.31 8.81 1.98 8.34 0.36 1.3
double 107 inorder 9.17 8.15 6.76 1.04 7.82 5.18 8.61 2.94 0.8 9.6 6.66 0.11 3.6 8.13 1.65 2.22 1.01 6.39 1.42 1.16 4.26 2.19 2.13 6.82 2.78 4.54 1.92 5.11 5 7.46 7.71 1.19 2.29 6.24 2.67 1.28 1.07 4.18 7.68 8.43 3.91 8.49 9.56 3.03 9.21 2.54 1.66 1.27 7.94 8.5 1.22 0.03 3.67 9.89 4.78 7.18 1.21 2.04 4.35 7.25 6.54 0.32 9.08 1.99 6.36 7.93 0.13 8.05 9.89 8.38 9.79 1.47 1.77 7.74 5.92 8.43 0.82 4.05 4.09 3.34 1.7 7.89 1.87 2.55 8.44 2.94 6.74 1.4 4.93 6.54 9.88 5.83 7.17 0.95 8.36 6.91 6.58 7.96 7.56 8.93 7.09 3 4.46 1.52 3.06 9.1 0.58
double 108 postorder 0.29 3.2 5.32 0.82 6.13 3.14 3.3 5.12 6.86 6.05 7.43 5.91 3.95 0.03 9.79 2.28 4.75 7.32 6.36 1.87 1.36 5.16 9.28 9.99 5.05 9.07 4.17 4.86 6.23 5.61 4.05 0.39 2.62 2.03 0.94 4.7 4.29 1.85 1.1 2.45 9.67 2.55 3.46 3.88 5.57 4.89 0.17 8.44 6.68 4.42 1.45 3.04 2.36 8.44 0.25 5.26 2.19 8.67 7.68 0.21 1.32 7.93 6.01 0.69 7.96 1.34 6.69 6.4 9.41 5.89 1.1 0.15 5.03 8.9 4.91 3.62 8.41 5.43 8.26 6.07 9.15 9.09 7.32 7.88 2.42 6.32 3.56 9.65 6.38 3.14 7.31 4.26 7.33 0.87 1.18 4.52 3.7 4.62 9.57 1.84 2.06 5.42 8.66 5.17 6.96 2.34 6.44 1.66
