int 10 85 158 259 6 230 224 132 273 103 297 0 1 3 4 8 9 10 14 18 22
int 10 144 158 96 171 264 260 98 51 140 203 1 3 4 5 9 14 19 23 24 25
int 10 291 210 158 111 44 118 34 25 167 189 8 13 14 18 22 27 32 35 36 41
int 10 262 29 39 8 203 257 261 152 166 21 7 9 10 11 16 17 19 22 26 29
int 11 278 284 42 115 260 167 240 107 266 28 262 3 8 9 13 17 21 23 24 25 29 30
int 11 178 253 295 171 75 104 262 32 19 131 35 8 12 13 18 19 23 24 25 30 31 34
int 11 291 206 160 12 203 130 185 200 85 67 184 8 9 11 12 13 18 21 25 29 32 34
int 12 109 13 250 51 165 202 117 253 199 116 284 269 2 6 7 12 15 18 23 26 31 33 36 37
int 12 125 201 194 92 34 70 246 287 221 65 189 271 5 6 7 8 13 18 22 27 32 37 42 46
int 13 271 0 5 255 121 84 234 247 28 288 285 108 258 4 8 10 13 18 19 24 26 31 35 38 39 42
int 14 273 37 280 99 293 249 43 118 46 275 181 276 230 235 8 12 15 18 20 23 26 31 32 33 36 38 39 43
int 14 119 271 69 3 153 196 41 298 148 137 226 221 228 94 3 6 9 13 15 16 17 18 22 25 30 33 37 42
int 14 163 198 192 190 220 154 129 40 181 60 155 282 79 165 5 6 7 11 16 17 20 22 25 26 31 35 38 40
int 15 123 244 238 121 67 252 52 212 56 262 151 84 100 116 227 7 8 12 13 15 16 20 21 25 30 33 36 40 41 43
int 15 9 77 43 8 292 76 149 102 52 13 71 274 271 4 201 6 8 9 12 13 18 21 23 27 30 33 34 35 39 40
int 15 94 217 241 295 115 297 274 251 174 46 279 166 79 201 197 2 5 6 7 9 14 18 21 23 27 31 36 41 44 48
int 15 68 8 290 120 47 106 15 141 239 235 133 294 16 135 70 6 8 12 13 15 17 19 24 25 26 29 32 36 39 44
int 15 248 243 55 262 157 144 162 86 57 285 195 199 277 236 230 4 7 9 11 13 17 21 25 26 30 31 32 33 37 42
int 16 139 290 137 270 240 251 85 171 226 222 163 24 206 91 105 104 1 5 7 10 14 19 21 25 30 35 39 40 42 46 49 54
int 16 268 46 175 156 280 298 54 161 169 283 78 186 217 294 181 231 2 7 9 11 16 20 23 27 28 33 37 39 41 43 46 50
int 16 269 256 250 78 210 205 139 157 140 217 283 285 234 40 120 95 1 5 10 12 16 19 23 25 27 29 33 35 37 39 42 46
int 16 225 9 268 206 114 162 67 38 92 119 243 26 234 50 226 160 9 11 12 14 16 18 23 28 31 32 34 35 40 42 43 45
int 16 67 221 249 281 79 70 10 100 7 164 181 129 134 279 114 122 3 7 8 11 14 16 21 25 30 33 36 38 40 42 45 48
int 17 258 228 19 219 116 157 199 193 132 60 275 120 31 249 273 237 276 4 5 9 14 17 18 19 23 27 32 34 39 41 44 47 51 52
int 19 107 97 280 77 299 154 245 4 85 56 189 153 148 23 98 295 291 139 283 0 1 5 6 8 10 15 18 19 20 24 27 30 32 33 38 41 45 46
int 19 35 2 134 190 69 274 102 174 21 50 29 115 289 209 119 107 217 172 168 4 6 8 11 16 21 24 27 30 35 38 39 41 45 48 53 56 60 62
double 20 21.1 15.3 4.9 27.3 20.7 6.5 16.1 16 2.6 24.6 16.9 17.8 6.4 18.5 27 8.3 22.7 13.3 24.1 3.2 6 7.7 12.2 17.8 19.9 22.4 28.1 32.2 34.9 39.7 45.6 50.9 54.6 57.4 62.5 67.7 70 72.6 73.6 78
double 20 28.4 4.7 8.5 2.2 24.5 24.1 20.5 16.2 19.7 0.4 11.3 21.4 10.3 8.9 28.2 19.6 21.2 19.5 22.8 2.9 8.4 11.7 17.5 21.1 22.3 27.1 32.5 35.1 40.1 44.8 46 49.5 53.3 56.4 59.6 64.2 70.1 74.4 79.6 82.5
double 21 9.5 0.4 2.7 12.2 21.2 12.8 10.2 11.3 2.1 8.2 24.9 23.3 22.7 3.4 9.2 9.1 15.4 11.6 28.6 21.4 13.9 5.9 7.2 10.2 14.4 18 23.6 26.9 31 33.4 37.7 41 45.8 50.4 51.5 53.5 59.1 61.9 66.5 69.2 70.5 73
double 21 0.8 20.6 25.1 5.7 3.1 29.1 6.3 15.3 12 10.1 12.7 24.4 14.8 16.9 27.2 24.9 0.6 14.7 23.2 16.2 27.4 8.1 12 16.7 22.6 25.5 29.7 35.3 39.5 42.1 47.2 48.4 50.5 54.8 56.5 57.7 61 64.9 68 69.7 73.1 78.1
double 21 21 1.5 23.7 24.5 3.2 14.3 8.4 4 1.6 3.3 22.3 27.4 13.3 25.7 15.5 3 12.2 6.6 13.8 23.2 21.1 6.6 12.2 16.4 20.4 24.2 25.9 27.2 32 35.2 38.2 43.4 48.2 49.2 50.3 54.9 58.2 61.1 66.9 69.2 72.3 78.2
double 21 28.9 16.3 25.4 20 12.2 0.7 18.6 10.7 22.8 23.5 12.9 4.6 29.6 7.7 13.1 9.4 10.3 28.5 26.3 14.8 27.8 7.3 8.9 14.7 19.5 22.8 27.7 32.1 36.3 40.4 43.9 47.6 52 56.1 59.9 63 64.7 66.6 70.4 75.8 77.1 80.4
double 21 8.4 21.2 27 9.5 24.3 23.7 12.1 26.1 29.2 12.2 5.7 1.3 2.8 3.7 18.2 7.2 15.8 8.9 18 7.9 17.2 7 12.5 17.6 18.7 21.3 25.2 29.2 30.3 36.2 37.4 42 43 44 47.9 50 53.8 58.3 62.7 64.1 67.1 68.2
double 21 4 3.3 14.7 27.5 19.7 6.2 3.7 12 3.6 1.9 4.7 6 23.6 16 4.4 16.4 10.4 17.9 21.5 17 24.3 7.1 10.2 14.7 15.8 17.9 19.9 23.9 29.2 34.5 37.1 40.6 46.5 50.5 54.9 60 64.5 65.5 66.7 70.3 72.3 76.8
double 22 26.9 1.5 29.3 18.9 9.6 28.4 26.4 22.8 23.7 18.7 7.7 17.6 27.2 25.6 27.1 4 20 5.5 28.7 27.8 14.1 27.9 4.1 7.4 12.9 18.3 21 23.1 24.6 28.1 32.7 36.8 40.8 46.6 47.8 49.7 54.5 57.2 59.2 60.2 61.9 63.2 68 71.4
double 22 4.9 1.2 2.3 14.1 16.1 25.4 0.2 12.1 15.5 23 19.1 29.3 9.4 21.4 29.8 29.5 5.7 8.7 25 4 22.3 28.7 5.7 10 13 17.5 18.6 21.2 25.2 28 31.7 33.5 35.6 37.4 41.4 44 46.9 50.8 56 57.2 58.8 62.7 64 67.2
int 22 238 49 15 288 286 63 105 176 138 273 68 181 55 32 64 65 222 245 255 2 54 170 1 3 5 6 7 12 17 20 23 25 30 35 40 44 49 53 58 60 64 67 68 71
double 22 1 0.1 4.1 18.1 17 13.2 18.3 11.6 7.2 20 17.8 20.2 28.7 10.8 29 18.5 3.8 22 14.5 9 4.9 26.2 0.3 2.6 5.8 9.5 12.7 16.2 20.5 25.5 30 34.8 38.6 41.5 43.5 45.2 50.6 56 57.1 62.5 64.9 66.2 68 69.9
int 23 145 272 138 248 56 258 195 294 155 223 140 130 0 183 246 201 219 276 182 211 105 185 126 6 10 15 17 19 24 28 29 30 31 34 38 39 43 48 52 54 59 61 66 69 72 74
int 23 297 201 9 282 22 221 134 60 210 78 130 281 293 254 148 238 131 132 103 155 96 228 292 9 13 15 20 21 22 23 27 31 33 34 35 38 40 43 48 50 51 54 57 61 63 68
int 25 78 44 210 167 74 137 20 219 246 162 241 57 8 67 271 58 154 294 117 280 282 60 11 260 259 2 5 9 13 15 16 18 20 21 23 27 31 34 39 42 47 48 49 50 51 56 59 62 65 69
double 25 9.9 4.8 16.6 6.5 8.7 26.7 7.9 19.1 4.2 1.6 11.1 2.3 29.4 21 22.9 28.2 5 11 9.6 23.2 21.2 9.5 25.5 4.1 0.3 6.2 7.9 9.1 10.4 15.5 19.8 20.9 26.4 30.4 33.4 36.5 41.1 46.9 51.7 56.5 58.9 61.8 63.3 68.3 70.9 76.4 81.9 84.8 88.7 92.3
double 26 16.1 4.6 13.8 21.4 22.1 21.6 1.7 17.7 5.9 26.9 27.9 17.2 11 17.4 17.5 26.7 5.5 8.9 15.6 9.1 0.4 23.5 1.8 0.7 26 4.7 4.8 7.6 8.6 10.3 15.5 21.2 25 30.8 32.1 33.4 36.8 41.3 43 44.1 47.8 50.4 52.1 58 63.3 68.8 71.6 76.3 81.5 84 89.4 92.2
int 27 177 287 136 265 226 207 0 69 296 247 176 153 39 188 143 238 144 253 130 151 46 61 126 53 209 258 152 2 5 7 12 15 18 22 25 30 32 36 37 40 45 50 53 54 58 60 62 67 69 73 78 83 87 90
double 27 7.1 24.7 22.5 2.3 17.7 26.1 20.5 12.2 11 27.3 0.8 14.3 25.8 28.1 4.9 24.2 6.1 0.7 24.4 29.5 22.6 20 28.5 19.1 25.6 20.8 6.3 4 9.5 11 12 17.4 19.1 20.1 24 26.1 30.3 34.9 38.3 42.7 45.8 50.4 54.3 58 60.6 64.8 70.6 73.6 75.1 80.4 82.1 86 90.9 92.1
double 27 25.9 5.4 1.8 21.1 25 18 2.6 13.6 21.7 15.6 0.3 21.9 11.9 7.4 26.4 2.7 29.3 2.9 12.2 12.9 6.4 26.1 6.9 14 12.8 6.8 22.3 0.7 6.6 8.4 11.6 14.8 16.4 19.4 21.2 26.8 30.2 33.1 36.1 37.9 42.4 45.1 49.4 50.8 52 56 57 58.8 60.7 62.3 63.8 67.9 69.8 72.7
int 27 101 183 179 56 154 275 146 205 245 26 189 52 163 97 30 130 192 160 208 155 105 118 256 247 28 96 11 9 10 15 19 20 21 26 31 33 37 40 44 49 51 52 55 56 57 60 61 62 67 72 77 78 83 85
int 27 5 190 59 30 50 22 65 146 291 63 43 41 48 292 14 167 32 239 224 225 20 260 289 105 17 264 277 4 8 9 11 14 17 18 21 25 27 29 32 37 38 41 42 43 47 49 53 55 59 62 66 68 73 77
double 27 14.3 7.6 18.4 29.1 11.4 7.7 13.8 27.9 13.1 11.8 19.6 5.7 27.1 2.2 8.3 14.1 6.3 14.9 10.4 16.7 7.2 17.9 21.5 9.6 4.8 25.5 5.9 9.3 13.5 19 21.8 24.5 26.8 29.1 33.9 39.1 44.2 45.6 50.1 53 57 60.3 62.2 67.1 71 74.7 79.2 81.1 86.8 90.8 94.2 99.3 101.4 106.7
double 27 16.4 1.6 24 26.5 5.6 10.2 22.8 0.7 9 3.7 14.9 20.7 4.1 16.3 10.4 1.8 20.6 20.8 25.5 17.8 29.6 23.4 9.5 28 17.6 7 29 6.5 11 12.1 16.5 22.1 25.6 26.7 31.2 33.1 39 44.4 48.3 49.6 55.4 59 62.3 67.2 71.4 75.9 79.5 85.1 90.7 96.4 100.5 103.8 109 111.7
int 28 293 151 294 0 158 269 75 42 222 35 186 235 41 43 243 90 274 208 127 251 234 296 32 143 113 119 298 205 8 13 14 16 17 21 25 29 30 33 37 40 44 47 49 52 55 59 63 68 69 74 79 82 85 88 91 93
int 28 51 89 261 192 238 231 156 210 2 25 282 275 245 285 289 149 143 296 200 207 110 225 77 6 104 220 46 145 7 9 14 18 19 22 23 25 29 32 33 36 37 39 42 43 48 49 50 51 52 57 58 62 64 68 69 74
int 28 12 77 285 229 277 120 123 153 42 185 194 232 105 181 196 122 86 29 170 152 15 158 133 164 174 113 53 284 5 10 12 17 20 24 28 32 35 40 41 42 45 48 51 56 60 62 65 67 71 74 79 82 85 87 92 97
int 29 229 287 178 82 125 157 257 210 139 110 55 86 31 57 95 0 16 121 277 245 26 189 137 223 69 289 10 7 15 5 8 12 16 19 20 22 25 27 29 33 35 39 43 48 53 56 60 64 67 71 72 74 77 79 82 84 87 92
int 29 55 260 26 7 136 118 132 224 30 83 101 47 245 119 114 203 54 65 111 6 285 23 84 249 8 127 242 36 108 8 12 16 19 20 24 28 31 35 38 43 44 45 48 49 51 52 54 58 62 67 69 74 76 77 80 83 88 89
double 29 2.2 14.6 18.8 5.3 10.5 8 3.2 19.2 22 16.1 27.4 15.2 23.5 8.9 22.1 0.3 3.1 7 1.9 14 7.1 15.7 20.7 17.3 21.9 4.1 6.2 29.1 1.3 7.6 11.2 14.8 20.3 25.5 28.7 32.7 35.2 39 41 44.2 49 51.9 57.7 63.4 68 69.2 71.2 74.1 77.8 81.4 85.1 86.3 88.3 91 94.9 97.4 100.2 103.3
double 29 11.8 20.3 27.1 9.6 13 16.8 29.4 22.4 17.3 26 3.9 6.9 23.1 3.8 3.5 26.8 26.1 2.4 26.5 16.2 5.4 22.7 6.1 27.7 2.5 1.8 21.9 8.8 11.7 0 4.1 6.1 7.1 11 16.5 21.6 24.4 27.9 29.3 32.7 38.1 40.8 43.9 49 52.5 55.2 59.2 62.8 66.5 68 70.5 72.6 76.1 77.4 78.4 80.6 81.7 84.6
int 29 75 299 72 242 207 62 171 44 93 172 148 270 237 202 70 298 29 175 287 83 251 107 138 85 78 1 261 245 273 0 5 7 9 14 17 18 19 23 26 30 33 38 42 47 51 53 55 57 60 64 65 68 72 74 79 84 88 91
int 30 85 249 2 206 55 106 274 1 220 21 125 162 154 105 254 244 135 52 65 51 267 133 53 238 138 63 170 183 293 222 4 6 9 14 15 17 18 21 22 24 26 29 33 34 39 43 44 47 49 54 56 61 64 69 74 78 80 83 85 86
double 30 21.4 8.9 9.6 14.5 13.5 6.7 1.7 0.8 14.2 22.4 8.3 2.8 16.1 26.5 26.2 15.7 20.2 15.8 25 4.2 8 7.4 12.9 15.6 11 8.2 15.3 28 27.6 27.5 4.5 5.8 10.3 15.9 17.1 19.6 21.4 23.5 26.5 31.2 36.8 39.3 43.8 44.8 50.7 54.9 59.1 61.6 66.3 69.7 75.3 76.6 82.2 84.3 87.7 91.1 96.4 100.6 102.2 106.9
double 30 25.4 16.8 22.1 10.1 6.3 11.1 21 27.5 10 14.9 1.9 18.3 2.9 4.5 16.7 27.3 17.5 23.1 19.8 16.1 18.5 12.4 14.3 17.3 10.9 13 15.6 7.6 5.2 2.1 9.8 12 15 20.3 21.4 24.7 25.9 28.4 32.5 36.8 40.3 45.4 46.4 50.3 54 59.4 61.7 62.8 64.7 67.1 69.1 72.3 74.5 79.4 83.4 85.2 86.8 91 94 96.6
int 31 287 166 122 19 1 148 286 71 288 15 239 175 297 255 114 14 20 227 83 94 31 146 178 13 26 187 248 59 10 217 265 3 7 12 16 20 22 27 32 34 39 42 46 50 51 52 55 59 61 65 67 72 74 75 80 81 86 90 91 93 98 103
double 31 9 8.6 15.4 10.2 8 14.3 18.4 20.9 12.4 2.7 27.9 13.2 12.1 28.2 28.1 27.7 21.8 17.8 12.7 18.3 28.6 3.5 17.6 11.3 20.5 26.2 7.4 10.6 26.7 20.2 25.9 6 11.1 15.4 21.1 23.3 25.9 28.8 30 32.8 36.1 38.3 44 48.4 50.4 52.7 55.8 56.8 62.2 63.8 66.2 67.3 72.5 74 75.9 80.4 83.7 86.8 88.6 91.3 96.6 98.1
double 31 0.9 1.8 22 14.3 0.8 13.3 3.5 12.2 27.3 15.9 21 29.1 18.2 11.1 20.7 12.8 25.6 3.7 25.5 12 25.2 4.6 6 15.7 15.1 4.7 18.4 13.2 19.1 26.9 24.4 4.2 7.7 10 13.4 19 24.8 30.1 32 33.2 35.2 38.9 44.7 46.6 48.8 53.1 56.1 61.6 62.9 65.1 67.7 69.5 74.7 80.6 84.7 88.5 90.1 91.4 97.3 101.4 106 107.9
double 32 12.2 0.3 3.7 24.7 9 5.4 20.5 7.7 14.9 3.6 27.9 10.4 21.5 15.8 16.5 20.9 9.2 3.8 11.1 20.1 20 4.8 18.2 1.2 10.1 11 25.4 6.9 6.4 26.3 8.4 10.2 5.6 6.6 10.8 14.1 16.5 19.1 21 26.8 31 35.2 39 40 41.8 47.1 50.9 51.9 54.2 59.7 65.5 69.2 75.1 79.5 81.8 85.2 90 95.4 97.6 100.7 105.1 107.7 109.5 115.1
double 32 13.1 12 8.6 27.9 2.9 12.7 16.8 10.1 0 10.9 8.2 3.3 3.5 24.8 16.1 26.5 0.6 21.1 2.5 21.8 28 14.8 4.8 25.5 1 15.9 12.2 29.9 26 8 27 24.3 0.3 4.5 7.3 9.6 15.2 18.6 22.2 23.4 26.9 29 33.9 37.1 39 43.9 48.7 50.8 53.3 56 60 64.6 67 68.8 71.6 74.5 80.4 82.6 85.9 89.9 92.2 94.6 97 98.6
int 33 99 61 74 244 130 239 228 269 105 22 146 162 185 123 166 25 207 283 9 176 21 261 172 236 196 121 272 38 107 153 288 235 205 6 10 11 13 18 22 24 25 27 30 34 37 42 46 47 52 53 54 56 58 61 63 67 69 71 74 78 83 84 85 87 89 90
double 33 22.8 9.4 12.7 4.9 28.9 14.5 4.3 27.4 18.2 29.4 0.6 4.1 15.5 16.8 10 6.4 4.6 22.1 6.7 27.3 4.7 1.9 15.7 19.3 24.7 12.9 8.6 16.1 3.4 28.3 6.5 21.7 7.4 1.4 6.2 11 13 17.4 21.5 22.5 24.6 27.1 28.7 29.8 33 36.8 40.6 43.6 48.8 52.1 57.3 58.9 61.1 63 67.7 69.7 71.8 76.7 80 83.5 86.3 89.5 91.6 95.3 99.6 101.9
int 33 267 27 194 249 217 16 265 276 189 250 14 255 211 85 151 280 41 91 259 121 281 247 67 129 268 245 286 63 186 49 222 0 230 3 6 8 11 12 16 20 24 29 32 34 39 44 46 48 53 55 60 61 64 67 69 73 78 83 84 85 86 87 90 94 99 104
int 33 149 222 133 88 24 293 191 29 199 83 38 208 152 227 134 286 90 292 68 104 113 135 15 230 166 218 7 140 51 5 233 214 209 2 7 9 11 13 18 20 21 26 28 32 36 37 38 43 47 48 50 52 56 60 61 62 67 71 76 77 78 83 86 89 91 93
int 33 299 36 66 95 267 219 178 65 51 283 73 179 92 282 123 99 158 167 145 280 274 67 38 82 142 98 144 70 125 122 55 277 275 2 3 6 8 13 15 18 22 26 28 33 36 37 38 41 46 49 54 59 61 65 68 73 78 83 88 90 95 96 97 101 103 107
int 34 294 41 291 15 40 274 58 152 193 280 217 191 163 93 117 115 0 62 114 183 113 196 264 52 24 106 155 56 13 189 190 87 18 216 8 13 18 22 26 31 32 36 38 40 43 48 49 52 55 60 63 68 73 78 79 80 81 86 91 95 98 100 104 109 114 118 119 121
int 35 216 231 242 131 65 0 280 150 288 268 60 22 206 204 210 239 100 208 74 221 184 33 111 250 73 87 137 185 68 40 214 252 125 155 213 5 10 12 15 16 18 23 26 28 32 35 38 41 46 48 52 53 56 58 62 67 72 74 76 79 81 83 84 86 90 94 95 100 101 102
int 35 143 224 242 206 70 46 277 172 43 247 191 147 148 298 20 299 295 9 183 185 263 294 164 8 100 67 30 290 268 276 212 50 111 38 257 0 5 8 13 18 23 27 31 36 37 39 41 45 49 50 54 55 59 61 64 66 67 71 72 77 79 84 89 91 92 96 101 102 103 107
int 35 276 11 63 23 214 221 17 169 217 67 236 44 137 1 198 275 226 222 270 266 192 292 231 85 245 253 126 163 45 87 33 219 150 242 60 3 7 12 17 21 23 27 29 33 38 42 43 44 45 46 47 49 50 51 53 58 61 66 67 68 71 76 79 80 82 87 91 95 100 105
int 35 245 133 29 199 3 152 9 106 195 143 292 78 179 157 295 5 281 75 252 151 11 165 110 186 262 176 251 13 181 189 198 193 115 114 32 9 14 15 18 21 23 27 29 30 35 38 42 45 49 54 57 62 65 67 69 73 75 78 82 84 87 88 89 94 99 101 102 103 106 110
double 35 5.1 2.6 28.7 27.7 27.9 13.1 17.7 10.6 9.3 29.6 4.1 27.6 8.2 19.7 29.2 7.3 29.4 11.2 1.2 20.2 23.2 28.6 16.5 12.4 22 22.5 11.5 4 9.4 14.5 16.8 13.2 1.9 9.5 1.4 2.4 3.9 9.2 14.5 17.4 20.2 22.6 25.8 26.8 31.3 36.9 40 44 48.2 51.2 55.5 57.9 63.7 64.8 70.5 72.7 73.7 77.1 79.1 84.3 86.2 89.9 92.6 97.6 99 101.7 104.6 106.5 109.6 113.2
int 36 24 217 233 25 161 180 182 185 290 174 299 4 269 176 227 85 207 247 105 53 235 104 188 146 298 154 239 20 225 140 173 80 166 198 90 108 0 3 7 12 17 20 21 22 27 31 34 35 40 41 44 46 51 54 57 58 63 64 68 72 73 74 77 79 84 86 90 95 98 102 107 108
int 36 67 271 12 23 176 183 15 260 38 224 51 289 258 68 288 219 165 35 3 235 287 199 216 2 290 104 254 295 189 57 168 103 157 163 249 30 5 8 10 13 14 17 22 26 28 31 36 37 39 43 45 50 52 54 57 60 64 68 71 72 75 79 84 87 90 92 95 98 99 104 108 110
double 36 7.9 23.3 9.8 24.7 4.2 16.1 16.5 8.7 12.7 11.4 5.3 6 3.7 2.2 5.7 8 26.6 4.9 10.2 12.6 27.5 2 21.7 3 6.9 22.9 15.1 26.5 1 18.6 27.3 7.3 9.4 12.4 16.8 20.9 2.6 6.5 12.1 16.7 19.6 21.6 25.8 27.5 32.2 34.1 38.4 41.9 43.7 49 53.8 59.1 62 63.9 66.1 71.4 75.7 76.9 78 80.7 84.6 88.4 92.7 98.5 103.2 107.6 110.6 111.7 113.2 119 123.7 129.6
double 37 29.6 24.8 29.4 9 4.5 29.3 26.2 19.8 0.4 9.5 5.4 18.1 28.3 8.4 10.8 24.4 22.3 20.1 13.8 4 20 16.5 22.5 19.5 23.7 5.7 3 2 4.1 13.6 3.8 5.8 1.7 14.3 9.6 26.5 11.3 7.1 8.4 9.5 14.9 16.8 21.3 26.4 32.3 36.6 42.5 44.8 48.3 52.6 53.9 58.1 63.4 67.1 70.7 75.3 79 81 84.4 86.7 91.5 93.8 96.1 100.9 106.8 108.5 109.5 114.7 118.4 122.3 124.7 127.8 133.2 134.3
double 37 27 1.1 15 17.5 10.3 5.7 16.2 18.8 23.7 22.8 5.8 24 9.8 0.5 16.3 29.9 13 4.7 14.8 22.9 27.9 2.9 12.1 5.3 25.9 24.7 28.5 26 24.6 1.2 22.7 6.1 23.9 26.4 26.7 14.9 3.9 6.7 11.3 13.3 14.6 19.5 21.4 27.2 30.8 33.5 37.1 40.6 46.3 49 51.8 56.9 61.8 67.2 72.3 75.9 81.5 83.5 85 90.9 92.6 93.8 98.7 101.6 102.6 105.1 106.4 110.3 116 118.5 123.5 128.5 130.6 136.1
int 38 36 256 136 54 25 201 90 193 67 154 276 265 44 197 238 226 105 102 24 124 142 43 131 242 73 30 0 235 6 32 7 94 264 12 133 56 98 245 2 4 5 9 12 15 17 21 26 31 34 38 39 44 45 50 53 54 57 58 59 60 64 68 73 75 79 83 84 87 90 92 96 99 101 104 107 110
int 38 228 31 105 94 11 223 69 288 62 98 258 145 184 257 81 267 102 161 295 256 27 73 265 16 141 65 50 250 227 232 171 25 131 173 116 125 201 32 9 10 12 14 18 21 23 25 30 31 33 34 38 43 45 49 50 51 55 60 64 66 70 72 77 80 84 86 88 92 93 98 102 103 108 110 111 116
int 39 163 21 165 162 287 256 4 260 53 29 13 42 145 244 56 110 178 255 34 33 107 279 231 74 225 46 87 114 280 292 83 263 57 181 248 201 202 101 60 5 6 9 11 16 21 25 26 29 32 33 35 38 40 44 46 49 51 53 56 59 60 63 65 66 71 74 76 81 83 86 89 90 95 96 100 103 107 111
int 40 284 179 56 253 290 68 208 174 177 223 211 5 213 10 205 97 90 79 121 88 160 113 82 185 13 111 182 199 230 17 19 53 254 60 292 295 145 293 259 238 1 5 9 12 13 14 16 21 25 27 30 31 33 35 39 43 46 51 56 57 59 61 62 64 68 69 72 75 76 80 84 88 90 92 93 97 99 100 104 107
int 40 283 296 262 27 118 33 196 41 122 126 107 225 85 207 245 288 103 68 223 184 259 2 228 200 90 84 216 51 176 208 261 169 111 181 19 235 135 295 78 231 4 8 9 12 16 21 26 31 32 37 40 42 43 48 52 57 60 63 67 69 73 78 83 86 90 94 99 100 102 106 110 113 118 120 123 127 128 131 136 140
int 40 294 186 243 131 77 16 213 3 145 237 164 143 73 122 248 204 95 226 236 10 219 29 152 195 242 182 26 179 293 138 99 28 27 86 241 40 124 60 8 281 3 7 11 16 18 21 26 29 32 36 40 42 45 50 55 59 63 68 73 74 76 78 82 84 85 90 91 96 99 101 106 111 114 116 120 124 127 129 133 134
double 40 25.8 17 8.5 3 20.5 9.3 21.3 23.5 23.9 1.8 9.1 0.6 14 14.1 22.1 16.3 27.7 10.9 3.2 28.9 6.5 11.5 21.8 13 0.4 16.9 3.8 22.7 3.7 5.3 1.1 24.3 7.3 6.4 24.9 26.3 10.4 13.5 28.3 23.4 1.5 2.8 7.2 11.7 16.3 18.9 20.2 24.1 28 30.9 32 34.9 37.4 42.6 47.4 51.1 55.4 60.2 62.4 66 67.8 69.6 71.8 74.5 78.3 81.2 82.9 85.4 89.2 93.5 94.8 97.3 101.6 106.2 110.5 112.4 118.2 122.7 124.1 127
double 41 18.8 21.5 22.8 8.5 23.5 22.4 2.6 21.7 13.4 14.4 8.3 11.8 12.2 19.3 21.4 4.4 27.6 13.3 21.3 26 4.5 24.1 22.1 10.2 15.9 13.9 24 14.9 17.1 14.2 2.3 4.9 15.1 0.9 1.4 0.6 8.4 15 16.1 26.7 11.5 0.8 3.7 5.6 7.3 12.2 16 17.4 21.5 27.2 30.2 33.1 37.2 39.3 43.8 49.5 52 57.6 61.5 64.7 67.1 70.4 75.7 81.3 82.6 86.1 91.1 95.3 97.4 102.5 105.9 111.8 113.3 118.6 120.9 122.4 125.7 128 132.5 133.7 139.5 144
int 41 245 299 230 144 216 171 173 142 130 212 252 229 18 67 160 94 97 298 146 108 158 248 204 213 202 184 191 48 28 55 179 294 82 222 174 36 178 241 81 272 219 5 9 12 17 21 22 26 31 34 36 38 43 47 52 56 59 63 64 66 67 72 75 76 81 83 86 90 93 95 99 100 101 102 104 107 112 113 117 119 123 126
double 41 5.7 15.9 11.3 1.4 5.6 24.9 26.7 20.8 16.4 21.1 20.1 27.7 22.1 13.7 21.3 15 18.1 13.1 15.3 11.1 12.3 17.7 9.3 24 2.1 1.7 12 1 26 4.7 22 22.4 24.6 26.2 15.5 3.6 4.3 10.7 20 12.7 10 3.4 6.2 11.9 13.1 16.3 19 21.4 24.8 25.9 29.1 33 38 41.8 42.9 45 50.9 52.7 58.6 61.4 64 67.9 70.1 73.4 78.3 80.1 83.8 87.5 93.1 98.9 104.8 108.5 111.1 114.9 120.5 122.6 127.2 132.5 137.5 142.1 147.3 150.2
double 41 26.9 24.1 2.1 18.5 15.4 9.1 20.4 28.8 5.9 17.3 14.6 28.4 12.3 13.4 2.8 12.6 14.4 12.4 25.8 15.6 27.2 6.2 20.1 26.6 2.4 17.1 26.2 28.5 0.9 21.4 8.2 22.8 4.4 4.5 0.8 8.3 0.1 13.9 11.1 19.2 18 1.7 2.7 4.6 10.2 11.7 16.3 19.8 21.8 24.3 27.5 29.6 34.5 36.2 39.8 42.2 47.1 52.4 58.2 62.4 64.4 69.9 74.8 79.4 85.2 87 88 91.2 95.1 99.4 103 106.4 109.9 112.1 116.4 121.9 124.2 127.8 131.7 135.2 139.3 144.8
int 41 58 171 294 181 108 120 127 0 291 9 222 268 252 86 28 43 289 211 159 180 224 276 187 272 63 154 87 51 105 242 162 42 219 46 45 229 17 40 263 178 285 8 11 16 21 26 28 30 34 37 42 45 46 47 50 53 54 59 61 64 69 70 73 76 81 83 87 91 96 98 100 105 108 113 118 123 128 130 135 140 145 149
double 41 23.5 2.8 1.9 26.5 26.7 5.4 8.8 4.6 1.8 4.8 8.3 8.6 25.1 18.6 24.2 12.3 17.6 8.5 25.2 8 17.7 26.8 20.2 20.1 24.8 10 9.9 18.7 26.3 29.5 0.3 10.2 1.2 15.6 25.9 8.2 9.7 2.7 11 27.2 29.1 3 5.2 7.5 12.7 15 20 21.6 27 30 32.5 37.5 41.6 45.7 47 52.3 57.5 60 62.9 65.2 69.7 71.1 73.9 79.4 83 85.5 87 88 93.4 95.4 97.1 98.3 102.7 106.6 108.1 109.5 115.1 118.9 123.2 125.7 128.7 132.3
int 42 256 9 11 170 72 30 159 152 245 179 218 215 112 232 93 244 239 41 168 203 243 194 257 223 212 228 288 137 269 125 26 207 209 238 299 35 255 67 55 136 90 150 6 11 15 17 21 25 27 32 34 38 40 41 46 49 53 54 58 60 65 70 75 80 81 82 85 86 89 91 95 98 100 102 104 105 106 111 113 116 119 120 124 126
double 42 24.7 6.9 5.9 28.4 8.6 13.9 26.7 2 27.4 0.6 1.7 5.1 0 9.3 23.4 17.5 12.2 4.1 0.9 17.8 5.4 19.2 13.1 11.5 19.1 25.9 28 22.8 23.1 3.7 4.8 8.7 9.4 3 18.8 18.7 19.8 5.3 22.9 11.4 1 3.3 0.2 3.3 7.1 10.6 15.7 21 26.6 27.8 33.2 37.1 38.7 42 43.5 45 50.2 55 57.7 61.6 63.8 67.6 70.4 73.2 78.8 81.2 86.7 91.6 93.9 98.8 104 107.5 108.5 110 115.7 121.5 124.1 127.3 131.9 133.7 135.4 136.8 138.1 141.2
int 42 244 221 187 209 291 22 135 250 164 39 169 168 21 185 202 232 225 278 113 41 80 108 194 144 170 182 279 118 42 72 266 227 280 93 106 67 64 256 129 272 124 24 5 9 13 14 16 19 22 27 30 33 36 41 43 48 52 53 57 60 62 64 68 72 76 80 81 82 85 88 91 96 100 102 104 108 110 114 116 121 124 125 127 129
int 42 247 207 267 87 183 277 63 157 128 225 193 240 219 113 3 257 14 232 249 142 170 80 101 206 7 16 252 22 138 161 289 148 254 230 56 5 273 171 17 199 8 94 9 11 12 16 21 24 27 30 34 36 38 42 43 47 48 49 52 57 59 64 66 69 73 77 79 82 83 88 93 98 101 103 108 111 116 118 122 123 125 127 130 132
double 42 29 23.7 28.8 7.4 9.1 22 12.1 28.5 28.7 3.8 9.3 3.1 23.3 4.9 23.9 6 16.2 17.9 28.3 3.5 24 13.7 28.9 2.7 14.2 18.9 9.8 6.1 25.6 17.5 29.5 11.1 24.8 12.3 25.9 12.9 22.4 27.7 21.3 6.4 15 22.7 4 7.2 8.2 13.1 17.2 18.3 23.4 26.9 30.9 34.1 37 42.2 46.9 48.3 54.1 58.2 59.7 63.4 65.7 69.3 73.3 74.9 79.7 81 83.1 88.9 91.9 97.5 98.6 102.7 106.5 108.2 111.5 112.5 118.3 122.7 125.1 129.9 134.4 136.6 142.2 143.7
