12 1516 4194 9427 12072 1516 8009 12842 2750 14879 4356 2584 4955 2423
12 3613 46 324 2340 11394 8589 14959 9662 11113 14570 3613 7433 13852
14 10216 13571 14680 4602 11150 13072 14531 712 12748 3822 10216 701 6998 11910 6320
16 5267 11491 9493 12867 3021 7695 6226 11136 12189 6759 13528 4790 1565 13207 7052 5267 9725
22 14559 5084 12322 14412 10261 6905 7198 11947 14207 10627 9274 5369 10411 8135 10909 127 10880 14559 9381 7230 5339 3348 4368
24 11969 125 10368 12400 1755 12689 11681 4175 5921 8704 3892 14600 11969 9015 10340 11582 6386 728 8975 5188 9994 2874 12492 6981 6044
26 5937 14233 364 7322 12537 13127 4536 10600 2916 9867 7688 13765 4822 8376 117 10380 1151 3906 6070 7975 13472 9252 1157 1113 3578 1957 5937
28 3694 4951 7863 7057 9458 6542 1441 4112 6628 2275 7667 13304 6872 211 580 13297 679 11974 13056 13501 1818 8744 3694 2918 9385 5127 12685 5541 9211
30 7884 263 8167 1422 9014 4519 7949 2327 13249 8173 13972 6068 11556 9951 8512 7884 14990 13248 5692 13104 11760 3191 12583 9861 608 5381 11491 12064 12654 2754 10429
30 4469 8949 3030 7465 1240 4124 9029 12928 4985 13267 13861 1667 8000 6729 8993 3794 4469 12652 4334 6802 11934 4321 6333 8189 5993 12722 2498 11376 1276 7978 14642
32 13964 39 3275 2796 12560 2025 9181 3155 6404 10609 4341 11167 4903 2365 970 8848 13964 3852 2737 12584 10204 14202 4697 4613 3613 13610 6127 11625 8368 2862 7941 13568 3042
34 11858 8426 10512 9389 10195 8175 11299 12680 14253 14752 10456 12152 10210 13429 11122 11858 12345 5317 7023 7085 5597 1100 11651 7685 11849 8846 5672 12366 2146 6216 12164 10818 460 14904 8743
42 12035 11378 1511 3041 3376 7979 12787 12035 13256 14664 6880 9321 5157 7993 13774 13866 2840 14332 6759 4202 1042 376 8049 6328 1458 4411 6037 4142 9018 9968 7610 1359 35 6168 13830 11171 10449 6669 14261 14910 2872 1987 10657
42 12403 11102 12871 7013 14469 13369 6744 2156 4209 6289 6091 7869 5819 10506 8596 5136 11362 13721 12407 4879 5987 2986 12598 12022 13414 11819 13424 6267 8828 1370 12475 5864 13189 2356 11450 12403 5249 910 2599 5368 14076 13999 1259
44 2780 8565 11865 2385 12209 2146 11565 7233 1664 5609 1401 13192 14405 11897 2131 14630 9793 9148 10391 8609 8559 13123 7292 10071 12251 12586 6878 8125 8339 4167 9281 7412 4786 8702 13911 2780 2349 4424 10146 14434 14860 13458 11394 6672 8371
46 5841 9960 12173 11598 7622 14410 11717 13234 9069 519 6381 8249 13026 14300 10184 8863 4482 14155 10999 11292 14915 1267 10074 4469 12034 3573 13239 114 3480 3372 2323 5841 10524 6471 11912 2751 11035 6043 8092 7671 1532 4776 8672 13877 2452 14042 6808
48 12778 12187 12961 14694 2751 6612 14556 12778 0 6826 1549 4745 9603 12247 5928 10363 4086 5870 11316 2007 6328 6998 9414 1099 12084 11072 9596 11769 10180 10374 10712 12623 13321 281 7201 5923 12017 10361 4367 9918 11010 1612 13514 1603 8687 2890 10988 5384 10112
48 6256 34 5499 2690 4443 11116 202 5305 12210 13245 1853 3234 6740 8570 9362 6256 1619 14830 11804 5521 4190 4906 11205 11170 10236 2380 7745 1429 3751 11095 9874 1364 149 3870 8073 10787 8218 13991 7786 11671 4577 14427 11952 4406 4159 5838 12703 6304 9431
50 4446 383 11117 8748 14385 89 292 1716 9280 7963 5665 8374 2038 7640 4446 13294 947 13193 8102 6249 4681 2287 4359 11353 11004 10803 4200 96 11898 1882 14482 13890 13026 4578 4364 6102 10982 10678 3510 12293 10320 5739 1224 11575 6211 6116 10258 12057 14234 1301 13978
54 6515 9629 13455 8497 3347 9621 3814 7070 2521 9029 10307 14172 13059 12770 5609 10772 13475 3064 5224 2416 10024 14869 810 8809 5753 1088 1811 3266 2547 4053 708 8107 3625 9712 14544 459 7261 3903 7099 9732 6266 1997 1856 6093 6515 1541 4207 8787 14416 6224 14752 14081 5476 13071 6776
54 837 13794 11447 1997 2937 1674 12590 938 12654 167 8896 14337 910 11140 6600 13414 1500 2251 14469 11538 6411 2206 5862 9889 5971 3835 10178 345 7751 12258 837 6634 13193 3827 13644 6738 8920 3816 9269 11567 6823 14221 5376 2574 1827 2023 4686 6892 9053 11629 7405 10686 7819 3623 13871
56 530 431 13195 8181 6550 2691 10966 530 8429 10691 6448 12825 14371 10338 11425 14043 10323 1946 6236 9304 5511 10723 5452 9056 12080 5766 1888 10652 8398 7148 3548 3213 14651 5006 14328 8821 13312 12081 3623 14928 5678 7759 4561 6171 7301 10164 497 8463 10260 2307 2182 6073 3062 3102 13260 11037 9026
60 7935 13195 6473 7353 6091 11557 5109 10196 1718 12599 2379 6673 6311 4049 11169 6517 262 10069 7935 6836 8067 9217 2661 5829 2756 6194 6335 1343 219 7147 6245 7842 876 6600 11709 2208 3674 11555 10677 1208 10645 4299 14696 1753 1743 7080 1071 841 11416 6322 11854 2213 14948 7931 9174 12889 13670 9998 8400 11445 127
64 13757 10303 8646 2531 12535 2802 2383 3536 8905 235 8035 14127 9192 4943 14479 1210 9097 1835 1711 9209 11965 1499 5163 13641 13757 11326 14438 14648 1415 7896 5186 11141 9228 14389 10230 14466 5184 14833 10039 14490 795 3548 2566 6825 2989 5972 9564 6620 11168 8067 12896 7099 2473 13218 1535 4805 2411 12148 10484 8243 1351 8897 13497 1406 3091
66 14834 4984 1754 7423 13405 8226 10847 5225 8841 4372 14707 5793 7895 3670 11361 8693 11005 9859 14948 7515 973 3900 1450 5392 3391 7261 7211 14834 10216 175 14496 9860 2398 14806 9874 9412 10573 6094 2237 2350 9735 750 12528 11442 9875 4346 8703 8546 12589 3039 14586 6548 12221 6774 9913 8687 1208 12697 12841 6538 2929 12155 1592 290 4691 4228 6237
68 5738 14095 5802 13100 1916 6840 8243 4618 6375 14281 14047 5466 14921 13262 2110 5738 6653 8643 10643 743 269 3216 13918 2994 12691 9938 2294 12580 9094 13159 7878 3335 10510 4267 2537 4677 2149 3842 8882 8851 6749 13621 5176 13838 8514 4097 3848 9697 5840 10926 13106 12084 6832 2882 12121 4544 7118 13954 9356 13059 3697 7091 9212 10070 14309 6120 559 7680 9808
70 2634 12292 14907 1739 320 12496 8435 14263 6062 7145 10339 1022 167 1449 5512 8492 14740 2719 7636 14349 11679 12117 8866 2392 840 7761 747 12135 9910 5679 11983 7581 11075 12545 6506 2584 1350 12213 7891 12805 12277 6468 14754 5377 6603 6562 5169 4211 3628 12981 4306 3787 3345 610 1619 9325 5458 12492 2634 9966 3355 9212 10203 1257 14265 14965 2324 2291 1413 1214 6171
72 7588 8964 5239 2272 7231 9410 12573 9612 5753 11220 6752 2239 11930 6047 9395 4981 8860 13745 14851 1826 6892 2518 7160 2805 460 4401 595 7588 2964 84 11352 4092 6750 7757 8885 12699 1706 10519 7604 268 3842 10024 12193 2066 5667 7316 9666 12215 1710 4087 10337 4354 5798 8191 5011 1749 13633 3973 4500 2728 2867 10656 917 2546 7929 14842 11854 13914 4117 13335 11518 6012 5862
72 8168 4287 5625 11814 3010 133 10269 512 4537 4629 2194 4122 817 14340 10954 8473 9420 3061 11242 4308 14474 4953 14230 11336 10995 7950 6455 13268 13932 7300 10718 11398 11469 742 11567 7730 9258 14752 6579 64 12224 5104 3632 1186 7989 4761 8168 12711 14004 13849 4929 5930 4292 14822 9718 4347 13489 2943 5524 6270 13282 842 13561 3957 12938 4042 2201 12402 6127 201 8863 8752 2320
72 14159 12158 8424 10751 13591 13060 192 11145 12741 9199 12664 14006 7235 14774 8369 5447 1176 9107 5053 695 3307 14159 7286 14616 6990 1789 14326 12273 11353 6247 9552 4805 7278 14147 8505 7043 6503 2408 5030 3854 1207 1820 2990 1898 6650 13894 12665 2982 9639 9537 290 3697 5243 9553 7546 10441 14746 14072 3188 344 14121 9438 2079 5948 14964 8754 2666 7710 13767 8151 13713 13073 5319
72 3926 453 1181 8159 1361 9468 4031 8360 9430 1454 558 11372 5804 1249 4241 866 4325 3843 10012 11551 205 10610 14762 9327 7358 6192 2712 115 13122 6488 10786 13412 5138 12417 13058 4410 5270 10237 31 176 8017 6691 5261 5728 1061 1302 4664 3988 3753 5679 3926 14959 12283 3752 5507 10229 8466 6255 11970 10945 5111 1323 8050 1845 7932 8578 7853 14272 2445 8864 304 4364 2280
74 6742 11725 12132 122 11539 1774 10703 8280 10876 1442 6409 7082 12983 14035 4510 3423 11654 11730 8409 1233 9805 8444 8296 716 6571 11477 10381 12623 10278 13237 931 1529 7550 11321 11671 2333 14643 6573 4880 14043 434 3116 9279 11947 9467 102 6967 11226 14160 6595 7057 3568 597 5336 13936 11584 3834 4652 796 1971 9950 14290 10777 3888 6007 13340 1516 13728 11580 6210 12019 6742 985 4184 14792
78 12960 3091 7639 5207 7538 6832 5592 7740 606 2136 10625 11548 7668 14320 12960 4946 12109 10654 5403 2328 13456 6690 7690 12256 4059 9030 7218 5026 635 685 13574 5337 7786 1540 6983 9746 12867 3569 9038 10791 12199 8529 10461 10286 9568 14250 4475 13660 5551 14443 1274 3877 5141 9915 6117 9964 8016 6789 13183 6691 3222 6788 1841 334 1612 4327 10319 1855 1719 44 8069 6609 35 1754 12583 14406 12786 885 5451
80 8527 5625 10003 4177 13463 10843 11442 13114 6668 10516 14765 9445 13339 12429 14636 4454 9781 3583 10931 701 10086 9039 10801 2554 8738 3180 3613 13449 1687 740 9772 8640 9565 12089 12156 3931 4282 5330 6494 8148 5430 722 14579 3567 10905 5331 3878 13509 14157 12134 6433 145 5523 5601 10120 8527 6556 1171 5372 11286 1173 2836 5664 7883 512 4203 4707 1285 12857 7212 9402 8905 7599 10244 4850 9810 9972 3099 2812 5981 721
80 6615 9045 2745 1038 2019 911 10902 5238 2379 1638 1552 12478 8137 4831 6998 2991 355 7947 1922 14536 9433 1356 14117 79 9646 8751 1576 5302 9027 9041 6501 12385 9791 6654 11680 9360 9381 6476 14750 5155 6615 8058 14805 5638 14087 798 8525 9158 1914 4944 14959 14437 13891 3128 523 806 12623 11084 3134 5734 3567 9003 832 2895 3288 9174 3415 2788 2109 1963 5244 2199 5713 10709 14188 14349 7228 8793 10574 8436 5990
80 929 1711 5278 3274 14704 10804 114 11813 6539 11684 2451 49 4612 11506 3056 3386 4541 4525 218 3037 11745 8482 2911 10576 11317 10713 8315 8265 14494 12674 7781 3973 12814 12926 7970 8501 4687 3126 14268 11193 4274 10637 9199 3359 13006 4039 13180 2998 12769 9227 6256 6581 1679 11050 10371 12592 13576 9063 8691 57 7258 6407 10826 4911 1343 929 12388 7727 13789 13931 3677 13400 2652 1070 10527 11778 971 6271 3010 2978 1918
80 3584 1718 5586 12906 1467 2999 9635 6127 9289 8553 11997 2939 464 8235 11943 6166 2779 8962 4727 2432 13566 7461 9135 1894 7761 12300 2880 11853 13838 9403 6940 10745 3397 4309 7263 11947 3584 3764 7841 6822 12650 11136 6859 5299 6190 8003 6027 6590 14109 9957 1617 12743 792 7864 14320 11064 10980 7768 13555 134 8015 13013 831 6319 12076 10182 11995 10278 7807 2409 12224 1496 4217 3847 2582 6337 627 13940 2937 11179 3870
86 2359 9612 14931 10079 2193 9904 7976 12288 14463 10422 12540 13073 12522 8744 11364 8358 12169 4210 8653 2572 578 6457 14999 14455 10113 3205 13789 13817 5318 14219 11466 12570 3256 3002 6053 5200 1505 6191 12156 5794 12696 9318 10921 13010 2946 807 10445 3857 6972 9229 4012 2852 3925 6781 4440 10553 3377 652 11787 12472 11858 8217 4529 4129 12922 6322 7015 9951 2359 2629 9379 13499 12959 6021 5109 12835 11729 309 2200 14595 2866 13874 4181 5926 9646 507 6679
94 13643 5974 3582 12835 6902 2857 2823 11918 6209 2520 12877 4453 2961 4438 12313 14513 86 5861 10805 4855 3735 8412 8097 3642 2062 4178 6524 5479 12642 12697 11018 8763 4196 14723 11954 14400 1423 4331 4837 9237 942 5948 4486 9142 7922 3514 7692 2578 11710 11979 10385 2872 2977 7439 10357 720 10582 5311 8522 5909 13513 406 5298 6197 13148 11682 5891 5292 3640 8224 11333 13643 7598 8772 12405 9367 13934 3655 1958 4447 4550 11205 7442 6029 13895 7528 7155 14938 12670 12011 1301 5634 6282 62 10110
98 6669 2642 4626 105 12304 2670 1700 10742 1609 3192 2052 9715 11365 14780 13629 14786 9514 7560 10188 7790 13122 9423 6051 13066 10456 1603 6265 9144 8464 50 11084 1540 6248 8558 14960 5040 11059 6030 4463 13020 5038 9923 488 164 4128 14808 13364 8114 7519 8835 9095 8267 13992 6669 2792 6482 9865 14289 4082 4732 9900 14325 640 292 848 6478 11390 6902 14471 11354 4163 4766 11606 10919 485 9392 5315 3560 10999 7796 9521 9944 9021 1375 5381 14715 270 5553 13845 5178 11867 8123 14695 1457 5127 12204 14619 992 10123
100 7582 7361 928 4873 4673 1626 13125 403 1428 7576 7181 9794 11882 4925 3397 7582 12397 9872 2882 713 14853 14756 8008 13078 14017 9634 4 12872 9047 8713 2607 5183 9377 10164 7173 3684 4097 5539 3873 9012 4104 8209 8498 3697 3029 1247 13415 12582 6900 2023 13708 4965 3769 2666 14268 5101 1523 9171 7914 295 13651 11953 10728 7946 11692 6941 12125 1628 13758 7656 1003 9587 2410 12624 328 13589 12219 6922 6189 3661 14242 14556 920 2625 2531 7342 9078 3274 12209 1420 10969 14822 10220 3811 8940 5896 10638 5042 5159 10257 4691
102 9551 13842 4990 4769 1977 9077 6479 3290 14883 13893 286 8490 11458 14129 3823 230 10232 124 7366 13156 1477 12402 9551 13749 7394 10150 4005 6294 2580 7420 7818 5659 14221 1535 6128 8637 3926 11947 13120 14150 11632 7973 343 11887 14234 14291 4845 4163 4624 12531 5163 2245 11935 1653 8417 973 48 3113 14008 13245 11979 7286 5249 12906 1701 5511 5436 6830 12471 4692 5626 11279 4190 9109 13257 11209 5704 10653 568 3545 619 3653 8446 14369 7476 2985 6213 11018 7933 14980 10972 14607 19 13445 13341 13480 12259 9478 706 2682 4582 14346 1559
106 4386 14488 7406 8356 9315 6148 1358 8095 9712 6079 8249 11028 11741 4144 8541 13215 9074 1380 6260 10138 8534 4397 3487 7924 3132 10593 2163 701 14942 7035 11718 7101 14297 1805 12931 2322 6630 11324 2956 14403 14605 2995 7969 1172 7810 8941 298 12221 9162 12717 3031 11080 13121 8020 13828 5701 12387 5332 11596 12215 1689 13016 2153 12487 4386 14948 9176 13694 1787 11889 10949 14746 1243 4109 14748 4610 2545 7159 10939 82 7097 4777 13743 7399 9704 7398 11415 11238 401 3305 2043 901 14034 10785 3289 7649 2967 809 14563 9001 5828 10729 14835 6871 10748 6880 13814
106 10260 13335 4301 14010 12200 14609 6984 10648 7566 12043 1329 6996 14517 1962 7110 7591 4793 6000 11974 13995 232 4136 4842 186 14909 11771 6588 6299 5976 10449 12933 13936 4493 3342 9187 14752 12804 13978 9630 13683 12688 14146 5501 2835 13845 4629 6738 7461 13757 7350 346 3213 12846 8012 2027 14766 9937 5093 13342 8289 1732 4174 11893 4968 2879 10238 5429 12542 1660 13127 11541 12989 9766 3751 7420 83 3952 9488 13187 13300 12750 13835 14998 6289 11070 376 14037 1562 7019 8913 11665 8359 4961 12222 9146 1868 11813 10260 7250 10712 12388 10454 11451 9218 5075 7109 6276
108 6335 7782 12916 10700 7094 5115 1069 2341 12264 13994 3375 289 13867 10351 9729 10598 11877 172 326 4292 1448 3585 14040 12360 3941 11937 6277 9677 6882 9297 10988 596 10742 10965 6886 392 6636 20 7072 9588 2946 10188 1235 6231 3202 9376 7396 7621 10074 229 6191 6335 2715 9353 2371 5364 9216 9389 8333 1628 122 7012 7491 9801 7520 2077 579 2771 14953 11813 3325 966 14498 8759 10247 2996 3766 1156 8667 57 3909 7924 4431 11716 3302 8883 13229 1874 469 12844 7057 12372 2500 1307 9935 4885 13023 2267 6217 71 9255 5692 8028 247 14319 1799 13565 3709 7331
108 5195 7308 5423 9376 10779 5337 5886 2368 10669 13529 4785 12159 14577 5086 6699 4138 4338 8938 1823 4098 14485 8953 9349 2647 13736 8492 8092 9714 11392 14050 7118 12761 12138 12849 10632 9676 6500 4447 1629 566 8259 9347 14113 7730 8819 13178 4862 7253 11398 5570 13673 3956 7792 6419 9930 12632 14497 179 4453 4807 11401 6011 9483 3682 325 10035 3102 3587 7343 381 14859 3759 1123 10054 11254 12676 1207 12015 13482 3238 1565 4730 9466 10367 694 13668 9550 14097 14501 14409 434 9052 8571 11448 1640 14569 13229 2721 5798 2496 7525 9898 19 5195 4143 13748 13325 10652 4148
110 10857 14927 6357 4453 6380 9631 4737 7357 3265 13243 1272 7279 14285 14423 13152 2501 10018 7277 9449 10451 4933 4878 392 9393 3452 9022 5270 1839 8308 8078 1888 1643 11747 5061 618 6915 3275 5828 12587 7880 8915 2920 11776 2827 8898 10568 7676 14908 8166 12576 10905 6175 764 9851 1389 9546 10857 11988 1103 14185 8649 9576 13080 9927 1085 2 14161 3793 186 9646 6663 13987 531 13042 1292 7711 14647 13804 9345 10777 496 13642 6137 4782 2287 4157 8896 12875 2825 12411 11035 5590 2653 10294 11452 6460 5839 5066 14260 8746 4693 12134 7539 10156 4858 8329 7131 5121 2385 9735 6874
110 2008 13320 3917 8686 5050 3726 7828 11488 841 8395 5763 14024 8656 3752 11120 4522 7521 14659 6375 8608 9401 509 13238 1136 12044 785 6688 2852 5357 11955 12715 14943 521 7468 4122 399 2462 10542 5067 1812 2887 7562 7590 7362 8380 419 14734 6209 6458 2550 2008 4446 2242 2461 6802 5279 8070 6495 7265 7486 5728 7817 3669 5167 4491 14827 712 541 3648 12407 14816 10678 4529 7869 14194 13605 13366 11604 13251 86 5137 9356 13446 14688 11021 2090 12709 6687 3941 2468 395 6884 12021 10046 3521 1849 9930 6050 13975 13433 3860 4374 10052 8377 11727 1288 10568 6127 13715 12501 9451
112 13411 13319 7095 9505 4375 908 11447 7846 10623 10032 1478 3901 10353 3647 1666 1450 9475 1213 7434 12790 1231 13433 14105 840 10065 10176 7891 6777 106 3121 8312 164 12201 8543 13014 10882 9873 8714 10851 7116 7632 13524 4976 3493 7221 2278 3919 1087 9877 4727 3795 8850 2036 13630 12292 11035 5682 12517 7025 468 1339 9022 13905 11802 9736 11032 12751 10239 4983 13160 2817 9506 5554 4290 10343 1620 24 6727 6259 14550 13891 6 3203 9545 337 10807 11846 13938 8570 14113 14889 12912 8686 13289 3138 9290 13411 14116 8932 252 11441 13187 14155 10160 13062 7399 5695 3644 12698 12289 12592 10338 13611
112 12399 3830 11831 12074 4380 3377 8935 2361 3095 3458 207 13871 6955 1720 5682 12344 7444 2433 4794 14198 6979 2102 4985 11854 7733 1189 4806 1216 1325 1782 627 3980 8541 6296 11111 9070 12871 12360 3465 6985 5898 8629 12792 2389 11309 936 1994 13084 10607 12605 2407 2830 10453 1333 3051 8102 3426 9760 3907 3511 904 10844 3536 2561 3679 7580 3617 14838 5694 10788 4989 3468 5568 10537 5601 9963 8446 6608 10979 14225 1461 14205 4780 9745 9770 2220 13232 3977 7922 7493 1734 6115 10890 3882 4 13481 9463 14277 7873 6460 9239 9281 1398 1996 12399 12404 7516 8056 10855 6547 7723 4770 643
114 5361 8523 13459 1512 4615 5426 2794 9162 8363 5810 4588 8000 6721 1563 11329 8164 7297 10510 6138 14804 28 9575 11685 14445 7449 10946 7868 11161 14173 12815 9632 11661 3428 3746 8546 3697 811 5674 3721 8484 13254 5093 8033 14622 14731 8583 4495 3709 244 5155 9250 809 4770 13569 7580 11076 14241 206 14431 6727 4929 2151 992 5652 6230 10748 8589 7859 10927 10436 10024 4137 6844 6842 6172 737 2934 10299 2970 466 11050 10752 3560 9148 10100 5214 11167 5582 5863 4033 5793 8063 6915 6900 7092 7375 13905 12632 5432 10907 13410 14239 1903 3972 419 5361 8598 9747 8337 4852 10129 9071 677 11328 13883
114 10628 10328 6495 7108 12281 9886 10519 12869 11449 7034 1429 2544 13598 4977 7620 14835 3246 4780 12043 9514 7163 3575 12086 7590 7862 8446 12270 6781 4537 5831 14378 3726 3146 9131 5967 3908 9499 10256 7915 9201 10215 1152 4901 12294 4759 11227 6901 2181 74 9442 6218 3604 5480 9658 13235 4933 9648 13599 11594 510 1135 4615 13406 8569 10911 8266 5183 10973 9787 2219 4489 1740 3230 1389 4017 6555 1030 11431 3415 4506 11165 2332 2237 2882 9193 8150 12077 3492 1652 3911 14590 11725 3576 10678 7113 6612 10628 2013 10637 13616 7116 9103 12644 4647 7384 7933 2831 6324 9775 2361 7325 13379 1721 2136 7123
116 3920 4058 14606 5790 4081 3613 6890 8616 11616 13692 14653 13246 10419 886 11364 5974 1773 2243 8295 6874 14871 2346 2962 2805 11290 12100 10381 9543 1012 6328 8712 7338 10874 4349 11637 11861 3931 5083 2160 10423 11054 2841 5099 6030 13163 4910 2585 10060 6338 3894 7617 12971 12168 8297 709 11920 6948 9640 13508 1269 7078 6098 5905 5700 13874 4988 5725 11318 3476 4843 604 12765 5845 2587 9352 462 8749 3060 14548 11904 6059 12266 11747 2131 327 7826 12149 13434 10657 5465 11583 4796 3460 3659 3920 13518 12397 9549 13759 12020 39 6337 10407 1622 1953 9188 12753 10234 11221 614 14941 5438 11622 393 9539 4070 266
116 3188 11447 8351 1903 5890 2612 11777 13740 2924 996 1762 8106 13212 1645 12764 2222 3282 12707 8517 6369 1241 1103 11296 6202 2339 10216 6670 7213 7378 12549 499 8605 11247 3132 8798 13836 4128 12112 12508 11770 39 1340 7741 7684 11282 7728 4137 5199 6690 12286 4795 8534 12171 2595 11877 3420 10336 723 5232 5799 13816 14846 12102 13606 2815 11173 5302 3815 1262 12618 6631 10930 7373 11433 1240 1156 3787 2413 14064 14364 1013 10415 9330 5292 4394 13030 5739 12441 8972 13815 6725 14268 8120 11887 8567 1613 3451 8309 3188 9413 4491 11898 5190 3774 12267 10588 14534 5209 14929 12776 8796 9549 7460 7269 8264 1939 9012
116 12134 4153 7967 3015 10235 2922 11141 12413 13197 14978 6535 6664 7847 5199 7721 13904 11283 8445 8687 166 10225 13825 5727 11218 11409 408 11887 14954 13405 14340 12485 1783 12895 5411 3310 8008 7462 7095 515 9354 3125 5196 6459 4824 1972 8845 8248 11443 6855 2410 2549 680 14757 8962 8886 11062 12592 5641 609 2338 2618 14127 14799 14871 3571 1256 12134 12146 11375 6241 237 7857 1429 8161 7591 480 6073 6582 13247 10491 4278 3862 12619 6968 12763 1725 14355 6207 2537 14780 11889 1696 9936 10838 8080 2014 1135 14109 5115 1404 2379 13609 14856 1359 7533 13854 7536 7665 2521 1894 11158 7930 14802 1362 13030 12630 3362
118 2725 2528 10593 2298 3 12587 8928 3759 13942 14 4619 11859 783 14660 14799 12990 12754 50 14341 1729 7850 415 4734 7341 7785 4611 13675 10831 14674 12005 5698 5016 8032 3764 228 3933 6322 3312 13592 12821 8187 13241 111 4879 11550 6827 843 13109 225 9267 13289 5294 8332 6279 9357 6928 14910 4664 6474 2725 1623 13614 7534 2163 1184 3536 7191 10961 3812 13708 12187 2675 11821 2256 6344 8576 3530 9625 3516 3744 11756 1052 1750 5222 12367 14258 10893 9528 8810 13090 5367 12602 13944 231 4936 12095 12965 8806 109 6326 9620 6600 7972 10974 13053 1823 9126 10304 4264 12303 1321 13150 7647 9709 4834 3554 7456 13633 1568
124 11435 3355 14104 11827 14806 915 4376 7098 13054 181 3220 9755 7059 5373 2748 12369 12995 1098 2639 9969 10111 2404 11557 3596 7006 5290 12550 3219 9120 3089 12845 5489 13539 13257 1306 7451 14471 12246 5820 9486 5071 4755 4679 4893 1452 1308 10173 1571 6390 2058 9298 11458 10415 14538 7815 12562 6802 10588 2149 1260 1521 7314 10728 568 2910 10935 13812 13871 8323 9539 2532 7848 9518 5494 13509 4118 12932 14593 10562 8246 4316 10266 13969 6939 7129 7668 2584 13512 154 7831 2314 3683 3684 11435 13944 1334 11872 6876 3028 2488 14554 8378 1979 12243 3773 3449 10694 14364 14448 13094 451 13973 10689 14028 8245 9944 1023 9345 14841 11301 11745 1475 9080 9774 6737
126 1156 6177 14518 12144 4472 1684 14638 1156 876 5765 5233 10944 12140 10102 3420 568 12281 10531 3757 4174 10486 1423 9205 4079 5431 7335 9151 2274 7230 9200 9953 10581 6437 5967 6988 3124 9683 834 4155 9279 4474 5008 9012 9796 10447 2821 4157 12855 7606 3556 1551 14283 12532 12463 12704 5491 12628 7768 2756 7583 8196 13563 10864 711 11887 12881 9032 11928 10301 392 14834 5119 7951 11173 12379 12425 812 5418 10746 2183 5971 9253 6606 1803 3624 1174 4015 3965 2987 279 10189 13068 161 9445 11761 5367 14032 7194 8758 3291 6963 2137 4694 7154 10033 9110 778 10083 11908 14187 3884 7300 1448 8270 5984 4598 9547 10042 8771 7874 604 9226 7743 10541 12811 13753 4358
128 12753 4230 6681 1768 12574 5407 10496 7306 6482 5105 7082 8790 3530 6833 13305 6455 512 1366 13017 13045 10356 11136 12270 6171 6101 14738 3792 5429 9264 418 854 2361 2971 13124 2879 3290 460 305 1440 10662 1427 14266 13209 9319 4076 3257 2945 6466 65 12295 4611 2342 8514 2876 6635 2670 676 11546 170 14979 6853 6534 3279 12919 11453 13538 5534 6941 14204 11324 14864 9834 1855 4578 6931 12879 10479 12979 11628 14599 1456 3722 5527 1993 690 9706 9700 4697 3025 12929 199 1681 546 12991 4882 7404 9243 2994 11694 14004 8293 12568 1958 6148 7756 12037 6834 12753 2648 881 13155 6197 13956 1745 3096 12326 5047 10309 1186 10103 4941 12182 14692 8129 172 10533 8372 12819 13975
132 13739 4581 10415 10406 3351 12728 1037 898 12557 14957 5876 8587 8613 2889 1698 10830 14357 12475 10761 9293 11170 10384 11854 1817 14424 7575 8256 4174 6176 10503 6370 803 10740 2086 2881 3095 1247 2418 1718 6276 6542 4178 8547 9634 8900 2985 12959 1604 10782 13363 8866 112 9110 11017 3671 2252 2104 11387 971 2630 2421 3847 345 9579 12711 4277 7310 9961 14188 11000 5278 8791 7764 2345 2140 5350 153 3762 12513 13792 13625 9149 5262 11171 3739 11724 9227 6307 4499 6140 11979 13739 3977 2960 6391 6767 743 175 4027 2709 10251 1314 888 12885 11233 14639 1760 3153 1155 12042 925 10065 10901 8797 5250 12619 13518 7937 520 3905 69 5108 296 3813 2451 7006 630 1330 4097 4339 701 8545 7090
134 10761 13343 8442 2717 9133 10119 3191 11492 6771 11240 7018 10777 835 11285 11187 14314 6929 4671 2177 953 3669 5542 5485 10982 4006 1922 9219 2798 6584 9462 9199 13746 3801 857 4656 3449 6564 9289 12578 1230 2053 12000 4337 4224 1662 6601 14725 12641 14231 12344 5270 1976 8285 8375 11407 5067 11939 13877 10312 4161 10654 12169 12521 4123 7605 6302 6493 14872 3808 3916 2762 6669 13598 1678 13107 9395 10487 11963 10043 2170 11402 9051 1650 326 1657 58 13354 10217 14416 2225 5143 591 3426 12195 10908 11009 3925 10341 12556 6824 12352 10703 9796 8397 30 13007 6433 9070 11121 8065 7598 4666 8884 12256 6728 12747 4939 7529 2127 5512 7193 6118 6521 5193 9897 2031 740 14716 8178 7308 11250 4767 1693 9571 10761
134 2596 11208 6163 9927 7122 13622 10982 7027 2510 9252 5926 11284 5025 8018 11669 9251 6396 11686 13824 5752 6017 9529 14015 6611 11348 1243 11622 6504 906 322 10905 6177 9471 4599 6649 36 5463 8942 6725 4806 2596 11150 4131 9381 13331 1567 7640 13017 12732 12704 13912 13332 3611 5849 3912 3224 951 11414 13179 536 10997 13042 575 5392 5723 14942 14429 14857 3377 793 5359 8419 6285 528 2519 11722 3873 10607 9373 4062 10287 9235 7698 10957 3711 10560 12416 3861 11460 13441 10041 321 1270 8012 9524 14234 966 13284 9138 3072 13991 6171 6274 7115 8817 2968 14842 14701 1233 7335 561 1126 3172 12795 1926 6143 4342 4310 1809 4950 249 2312 1574 3018 1578 9890 5839 371 14471 7351 11353 8341 13301 9516 640
136 6554 4820 3647 942 6348 8291 6719 6138 1556 4412 5469 1996 2356 8645 7528 6395 1074 7338 1890 2460 321 7252 5475 14096 13508 20 1480 13049 7577 6845 14237 12204 7242 5186 14194 10816 3546 1755 3372 6248 8142 556 5540 178 14979 13679 2607 12570 3136 6758 12571 7527 6526 8733 4454 7042 4953 5839 3439 11813 13902 13581 3603 14369 6554 1099 201 1448 8453 10893 6603 5440 10878 3632 14831 6429 5045 10930 5931 13148 6828 10031 9099 10524 10987 5874 6992 8286 6978 14494 1033 7240 9253 8159 10192 3885 10287 13364 11453 12567 13401 13544 6552 9826 9623 7159 3322 3208 5555 5982 604 11121 12521 11281 5934 5840 11224 13914 14906 9448 11022 1703 7416 2485 13872 5049 3817 8545 12513 1229 7249 6846 14184 4473 3579 567 9839
136 8149 2531 14519 3447 491 1863 1879 2723 10930 14472 7766 5689 2095 7635 4098 7801 9770 14399 11802 11644 11111 9981 1840 3390 8149 7237 10439 308 3552 13459 7080 1218 1563 6342 8201 4602 9444 9670 2316 7687 8212 5644 2910 9729 994 2853 4588 13605 3453 4211 3100 13937 2416 3041 1979 5528 359 7071 1217 14844 7297 2600 10162 9236 6522 6075 4717 2691 461 9881 7926 5802 115 12023 8555 8482 12059 4898 13889 6039 38 149 528 6376 14740 10871 1867 11813 5875 6189 8509 2057 12466 2048 14647 5984 3235 13013 14221 5821 3968 10321 7918 2037 12908 837 11481 7039 3971 5407 2512 6045 3499 6453 10035 13266 2451 10474 6318 314 9785 2986 5924 1804 593 6276 1682 5257 5787 5012 13499 3931 10197 4523 12646 10751 7937
138 12260 10164 3877 3659 5037 5501 11816 7468 13879 14137 9173 9633 898 14951 2122 7835 1994 3854 7148 13340 2598 13942 978 454 8816 9813 12166 13418 11549 9926 1674 6698 12344 458 1402 7861 12278 281 9850 14799 12223 5494 3201 1546 2269 9736 1872 9165 8570 13452 8586 2292 9081 12639 5847 13674 3340 3809 9520 10602 780 2845 5519 9862 10917 1628 107 13400 6636 1389 8851 12132 9511 2060 6842 14221 4466 6213 8749 884 3038 3845 13000 9282 4479 7185 12090 14549 393 8088 897 8420 8353 6008 8125 11337 2351 2955 7958 3343 13679 12338 13633 12260 12064 7736 3203 7486 12594 9175 11528 14609 997 13307 10865 7370 12311 12986 1797 10138 5407 14645 1518 12896 12456 1651 8893 10819 7544 13832 9198 4878 6304 3733 2175 4463 13990 11474 1500
142 3431 5910 13233 3932 5794 5924 10617 1573 6528 4232 3423 1107 5251 4145 7454 12182 7373 12749 10572 3750 14500 936 7075 14120 6319 13226 5856 5525 2807 3161 14368 6534 6203 1445 13253 12992 6118 7341 6857 921 3538 11815 13702 5462 5323 3431 2240 9135 5689 3274 2767 6086 10573 5776 9509 13270 13845 7520 11795 11777 6322 5926 2203 6051 13715 5028 2209 3685 9366 10272 14277 10773 3628 4334 4356 14369 12736 9118 9613 11609 3080 1828 14915 2299 11602 5048 112 3893 9611 6669 6868 2939 14744 6564 4860 14951 14031 11052 2917 9456 1612 8441 13564 6225 10473 2105 8624 11448 6382 10374 8295 7527 12265 12718 12084 6962 13569 14456 14844 6258 4672 5643 9375 6256 8518 6575 10444 6129 9810 9526 12769 3308 10417 13914 5240 10027 4227 3975 2450 11514 8198 7672 1904
144 13640 12110 6376 11506 10949 289 11454 14809 14490 8135 161 1246 6241 5102 6690 13160 9179 14010 14975 1905 1471 1830 9599 2432 4648 1171 6571 12875 8023 12084 10180 12004 4936 6076 5455 3884 4221 10536 14066 12461 2748 1749 5641 7789 14625 11938 6855 2640 1032 8870 3968 14127 13804 2088 10423 7417 12546 6823 10364 12321 13640 9774 7147 10905 1944 7958 10142 3666 11628 736 1368 13975 2928 8542 11487 2990 8144 9085 14294 8709 8809 8800 6363 11999 14819 5890 7623 7630 4928 2823 8524 3018 2521 6067 6722 4239 8159 2892 7159 7730 1955 621 3973 11773 3711 6227 12910 7170 852 11397 14144 11786 5091 9900 12021 1180 7735 11930 3297 10458 10703 693 12869 7584 8908 5257 14771 7992 12640 9735 6641 2004 8091 11582 11529 14616 11307 7561 10193 5329 6747 11337 13192 8129 437
144 14504 5724 13934 8441 14781 9221 2463 13763 1216 3247 3519 8214 8094 3518 729 2321 6917 12119 12568 12068 14329 391 5213 1135 12309 7419 9572 9815 3652 1759 8309 5252 13925 12340 4269 1498 8274 1989 13427 12681 5775 6130 12145 13325 3998 118 13523 12235 13008 8579 8577 1155 5545 8539 3395 14362 13375 13715 8277 9282 5713 8278 4405 14463 2812 11377 14478 10390 7017 8838 9486 10016 4790 14516 13353 7819 1121 426 5130 14488 220 2609 1399 10159 2672 5010 10511 13956 14541 4570 306 8595 9012 6610 4419 11520 5460 2508 2617 4657 6588 5414 11018 8993 5734 14504 11292 14824 6482 6410 4108 2646 11888 3597 9739 11220 1916 335 2832 7400 6424 3502 1460 14110 14116 7330 10136 14162 3319 9450 8695 9468 4447 12176 6574 1020 3880 3101 6310 4035 12744 12783 11946 12345 2796
144 13190 13260 3202 1642 2316 12523 13754 3345 12434 2127 7765 13083 11538 1451 3497 7887 2566 8399 547 11013 6518 11883 7934 14035 5500 4396 13714 574 2342 8568 11235 13262 859 11384 14795 11177 11248 9045 9063 12801 575 1321 13885 12505 3087 2867 5007 13055 13888 5315 7578 14895 9382 8912 8604 8460 6005 714 1934 11381 14398 6197 4952 4683 2471 8566 1831 12857 14818 9256 3687 12119 13920 7458 4188 1138 4703 4254 14535 13690 2313 11627 6158 14082 8818 12726 14423 104 2366 2090 8029 7318 2466 5508 13470 7737 13619 11671 7904 4337 8973 8071 1664 9106 10057 1583 14023 3305 7848 13526 7164 3319 11247 11506 12393 12935 2302 128 9971 13075 13350 13739 7095 594 8183 9872 4666 3320 1846 7262 11780 4348 8304 11971 6203 3366 14278 13190 14038 5034 13608 6511 9464 5094 788
146 1196 2945 9461 14028 1209 2235 9215 5451 10697 5802 2935 12346 9513 13035 10489 9764 12173 10653 10488 9785 12954 5189 1367 6034 12003 3916 14769 6346 7887 3975 14004 11304 6623 6130 12992 2077 14784 3882 10239 10286 5269 6682 14970 5294 12518 6259 4346 7262 2386 7669 1196 545 1061 5437 8661 4670 10920 14765 14507 5493 11163 12290 14693 3209 11997 6145 5409 209 12204 4451 8736 6687 7036 14690 12292 700 4838 7932 11519 13628 4979 11003 7297 2745 9967 9901 3720 11981 10919 682 14096 4824 738 5559 9282 11991 12565 5706 5264 3781 14041 6557 12786 936 1253 10535 5243 10903 4139 14085 5479 12382 13784 7711 13262 14118 14839 7254 11638 10966 8227 10267 7551 14706 4616 10680 3799 6839 13718 5648 2921 12381 1056 13461 13418 13156 1775 9964 7912 99 14636 4861 6008 1756 8117 7637 11018
146 2973 14450 9669 1227 6115 4618 14531 3003 1265 12300 10451 2279 2183 1257 10813 6928 12404 5547 7256 3688 13740 2902 13602 8487 10732 1595 10343 10279 4473 14100 1910 541 14655 11191 13651 7770 7994 1384 8185 9953 1768 13812 5676 7864 14302 9096 8710 10025 6576 1742 366 7199 4537 3119 2895 14815 1767 8028 3875 11306 5679 982 194 6633 11261 155 13890 1892 11758 9561 821 9184 8050 4905 489 3426 7729 10041 3435 11331 6392 1242 14947 946 13647 5181 7900 8422 8153 12367 4867 14784 3654 363 4375 4801 10524 648 11591 8392 8943 4617 4928 3918 6730 10543 13300 7720 8372 365 8127 8927 4863 5918 7334 14557 8966 543 11673 9618 7738 5925 626 12493 10644 3467 5681 14024 14061 11884 13972 14249 4891 5387 6829 8096 8002 228 3708 2973 2434 8807 4373 3243 3872 9387 1280
146 5195 13535 9894 9385 12770 2009 11586 5458 10226 8269 14757 11959 13171 6679 10727 12248 7576 1208 6155 12142 1523 1979 4903 3476 3612 3923 3834 10074 9064 2361 1396 12358 4279 13690 7412 14300 14771 7263 6811 14706 11671 4916 2633 8544 8227 14514 14076 11876 13517 1959 272 2892 6764 10039 8941 14918 7942 14237 11364 14413 5660 8978 6229 4011 13270 985 2180 2906 2937 1258 1062 14601 6409 5932 3129 8665 12949 3839 11873 13077 10224 6557 88 9751 14482 5754 9426 6417 14338 9450 12093 10473 14003 2098 10214 9722 3744 11235 10053 12162 2150 14498 9550 1583 4955 13996 3583 5980 12621 13706 11855 10849 6413 8926 13178 5282 667 14493 40 5356 11964 7520 13317 4623 1543 583 11613 5195 7611 10225 8434 5191 10122 6480 8016 5806 7232 11673 4535 11301 9096 7960 10543 3251 261 7916 1678
148 12783 12783 371 5815 6584 10282 9239 6504 14105 8710 13369 8298 2519 12056 9646 2224 5462 10915 3475 4706 9985 5139 8390 1959 5127 4722 2974 11211 11068 11553 6497 8713 3737 1823 14560 5393 8729 12995 1507 13944 7781 4121 610 9704 4798 6999 9278 8070 2980 7645 4085 7128 900 6559 415 14458 6914 13840 3691 12566 12747 3515 9548 1287 12699 4679 2635 8654 11917 6978 10358 2942 14615 5001 11126 10461 10888 10784 10081 14134 11588 2894 6091 7139 9952 10038 10678 8683 1001 4109 2722 2792 1744 8310 8718 10268 5386 13221 7142 7549 10658 4637 10260 1570 3222 4649 5587 2352 5917 14760 9254 1004 14541 6422 9396 2033 936 5271 3572 667 4864 2569 8033 1028 7424 4371 10393 11331 10070 14236 7916 6362 12458 3980 13094 2777 12468 1703 6625 11898 7760 12913 6552 6331 1099 8884 3975 13912 6898
150 13954 1958 4672 13926 11661 2413 13706 84 3285 5550 1787 4614 5707 1169 7520 5778 1212 10121 5091 1843 5761 2497 9716 14266 13080 6573 11732 7934 1056 5726 5673 2812 7552 2997 11072 13954 12909 9923 4670 3796 6170 12151 13241 10959 12050 14791 4701 4490 5552 6744 11678 2676 8490 14890 3344 7437 237 6353 3794 14426 2617 4551 9760 14982 14775 10488 14703 1223 9942 554 4867 13518 7345 14360 2300 7940 1410 14218 6391 1935 1959 7380 5319 1231 5402 10724 13770 3724 9205 6039 11655 10595 3947 2968 9959 14821 6799 3957 3816 11664 8905 4173 9886 6843 9673 10273 7297 6980 3733 2075 1030 12327 12648 13079 5595 465 11611 10628 5637 5874 6339 6633 11361 11039 2543 7059 12622 1810 14927 14847 2010 7207 8475 7604 9783 11873 13485 7698 6923 9245 13310 5636 1928 8214 13667 12605 4023 13076 9860 8382 14892
152 12972 8865 6296 2900 9439 5220 7598 13831 3661 10444 4136 2782 10529 3907 14809 7160 6172 6894 7539 5762 12987 915 5949 2258 13259 7202 649 13177 14574 8880 6777 9897 8577 11565 10722 12179 10688 14043 12951 9633 3338 9671 3655 6028 395 10490 12058 4473 4016 11835 2300 2675 16 4483 4019 3171 5158 2793 8039 5779 1290 13826 13822 13127 9394 3439 8029 2653 55 10808 3513 9750 13874 10450 13091 584 635 2625 11940 563 5270 9768 1362 10880 14442 2679 12021 8623 14503 4334 881 11465 7094 7781 2996 6330 5250 11171 12972 5777 7608 4873 5077 7274 1262 14085 4911 9575 7243 4716 6962 10354 13763 1498 5546 1803 14699 10555 6229 9352 781 13205 7923 1743 14707 8380 11387 3267 11140 12750 3848 8372 13832 8926 2343 9665 3587 1319 13195 896 4910 12035 5120 12128 4613 1056 7959 14124 406 14794 8903 9419 13861
152 12864 6009 11298 7722 11783 3429 7902 2230 6474 1103 8749 11336 3319 10378 7258 3382 13594 14630 1413 12298 7244 976 6219 4217 13385 1738 10067 12331 12840 13423 8628 8690 14660 7825 6504 4546 7717 2473 5273 12411 8272 7711 13260 9941 4590 1933 10004 12263 5226 5516 9295 488 2129 12045 11497 5000 4689 1672 8131 8934 10724 12755 3210 14662 11672 12048 12660 13456 14633 14352 14158 11398 8639 11098 13824 661 7793 4623 7651 4470 14853 1422 4951 971 7910 8629 6490 6110 11775 9302 13853 6611 791 6570 10211 10904 12067 10150 13633 13535 6780 11755 5281 7074 10803 8775 3271 13101 4834 11939 14441 13191 1027 12668 11952 2313 12709 3143 12864 5060 14672 9661 14068 14511 11990 12471 4444 10333 6200 5646 12200 3764 8269 10616 13302 10323 5020 536 10217 6563 5517 14777 5773 1465 1152 5475 6562 4674 8872 7215 8798 9839 7554
154 4164 13212 14670 7264 6947 9300 13792 14485 6409 14436 12297 13339 9691 1973 4187 2335 3852 10683 12337 2194 7274 5513 14850 5800 10713 9941 8224 1720 6309 3542 9522 6193 7905 6045 8702 6331 2012 5189 6350 14604 3760 1810 11275 9736 13169 7545 5148 2031 2389 7803 14536 14170 6333 3222 4691 9184 8223 12006 7737 3411 4164 7838 6260 1462 4034 96 8043 1756 2647 11011 155 247 10098 6539 6135 4753 5061 9077 6604 12224 4764 8880 11678 3759 1167 12073 11795 5710 11736 3712 6058 1767 5297 2882 5571 3781 10788 1977 3363 4668 10249 7820 14628 8794 8762 9459 1444 5579 14101 11714 1166 13486 14121 8627 6989 2570 12383 14917 8270 9287 7391 3738 9651 5816 11405 949 7132 3462 7150 12757 14190 3332 10815 9369 2078 1976 14712 891 13178 3807 4283 3857 10964 5316 1995 6846 5875 2167 14576 14035 8333 1135 13057 13254 6563
154 10576 13531 7436 10135 8045 12870 13435 7915 1626 3702 3340 13036 10234 69 10395 10166 2277 14412 10223 8024 1679 3924 11777 3491 14675 8799 4775 4540 14347 2572 8102 415 14376 7105 6037 13630 710 10262 8465 11282 9993 5341 5608 3822 2748 10512 11365 307 1868 2609 5280 1603 13494 4090 6392 1521 4405 1514 387 11250 4200 14905 2353 10934 9553 12259 14078 12963 2758 2891 7580 13124 1893 4876 2537 10220 8368 14913 2355 3549 14313 7671 4999 10568 2519 11431 5536 7463 13487 3427 9731 5173 10575 6873 9829 1039 13412 11956 9117 1359 5407 6072 6521 9880 12075 6006 3700 5167 9189 12712 12880 11061 6191 9227 9409 8655 12559 10549 8621 9839 12402 13848 9973 5216 2715 654 4016 11892 2696 615 1251 10576 5376 5324 8426 5917 2037 13281 11858 2864 13962 705 5606 305 1290 7070 8251 8090 7920 13969 12043 12104 476 13656 7507
154 2854 5636 6289 7548 5820 508 946 10740 5864 12943 14678 13513 13978 7253 3446 7759 11825 6983 1348 13920 9712 4294 4222 7556 2914 2815 4858 2868 11267 5940 12305 2462 13525 11712 11991 13882 13696 2274 9483 1773 14821 1854 12414 3828 11096 2877 12049 14515 3425 12724 5569 3949 4305 6727 5056 13502 14211 1589 177 1343 12471 2789 2854 13225 11303 4551 14496 5515 3536 11833 4814 2200 8272 4409 4000 8904 3220 9829 10703 945 4613 1239 6470 864 1180 9933 4845 12066 2346 3236 3695 9179 1321 6652 5854 4499 2984 3066 9494 1129 8674 4220 1041 12768 3114 3653 13032 9430 7767 3039 7346 6905 12721 14690 1782 1847 13030 11313 3303 13072 10522 412 12632 8984 3363 1052 6834 5784 6528 5082 10292 9805 6258 13499 8585 14108 12824 6701 6015 3413 114 1058 4086 5237 12874 6758 13567 14772 5054 8290 6225 14708 8399 2725 11999
158 979 3706 2587 10521 6354 4393 4655 3479 1661 713 9987 724 35 9600 13156 2822 12047 14492 10492 3366 122 9847 9504 5270 3006 12794 10258 12918 5843 4623 13972 12528 9937 8163 14036 9575 8250 14820 2009 7148 13299 5850 2152 14604 2628 3884 256 12570 9750 9520 3162 9416 13945 5179 4226 3988 6692 14244 12718 7832 6738 8655 6257 6063 9381 6032 13674 9849 13376 5420 5090 10265 17 11398 10567 12354 10583 9427 8526 160 5240 5328 1557 6866 6771 152 3293 7238 9201 11448 206 6064 13389 3209 5712 10646 6014 14084 366 4949 979 77 8608 14777 5583 9401 14417 5478 479 14937 2835 13593 9517 13946 5741 3771 8625 14555 4961 13823 1541 13656 4842 13391 6428 4333 1793 8213 9556 4431 1071 2795 10791 3054 8170 11498 14901 2934 3167 13803 6136 2384 1966 8873 11357 6399 7210 7487 14524 6407 7058 9624 5221 3713 9318 14923 295 10620 6038
160 1614 2455 6655 12457 9668 1060 12376 2720 4773 8211 13801 6231 11009 735 14028 10275 6635 184 1018 4724 3173 12907 10663 14935 11270 552 13233 12382 5067 1614 409 8553 2335 12985 10649 10894 4737 4148 6415 12456 9984 1462 11922 2979 179 12735 6037 10723 2515 13921 1504 10714 502 8717 6342 6087 8891 10024 3635 12177 3841 8573 9207 6592 5768 230 4443 12114 6386 4071 5908 645 5182 1346 3983 9977 5658 13097 2987 6211 2651 3550 854 811 2552 3383 6267 11160 1523 591 14296 1246 11110 13797 7995 5509 4690 5328 7764 10048 14826 2042 10153 2500 10746 313 10956 12671 13061 5512 14112 10800 8665 8317 9967 9698 8130 5163 7207 10277 120 2314 11652 2974 11572 5145 3384 13408 14840 4667 7191 13223 1761 6270 2129 5744 4556 994 5403 2902 12047 13656 4874 14317 1775 14992 8824 6074 703 374 3786 11553 3927 5849 2316 13082 264 1603 14557 11916 686
162 7641 12980 6688 7319 13669 2202 14438 123 9618 10628 1249 7117 2583 6961 11306 180 5209 13291 6748 3787 11696 621 7230 7768 6983 10871 5363 72 1682 4678 13481 13424 1369 14476 6755 5377 14658 10982 9216 10900 5979 926 13676 7536 9187 2536 5276 209 4925 3619 11431 4290 4513 10163 11377 292 12665 7474 9566 4355 6660 9946 9196 13146 14462 6584 5645 7813 14646 8038 1683 3953 9508 13133 2071 9592 8161 13368 1672 6780 867 10427 12176 6064 13716 9755 6691 14346 176 13335 8070 7468 4381 3028 10922 9568 4235 12296 12572 5860 12494 6332 10711 13790 6205 5014 1263 9437 14571 10719 8308 1734 7701 12382 13446 7228 1081 9150 5961 3082 2393 3346 9729 4776 4676 1027 5401 4153 4765 8493 13414 7428 13719 7200 7648 12051 10022 10368 3807 11082 4793 3851 5667 8221 8245 1598 1933 12340 6618 1314 1714 8706 4069 512 10637 5251 7288 10786 9258 6655 7641 12295 12169
164 3909 14747 5930 14158 5060 2653 183 13428 8719 3218 11216 647 11417 14428 4617 8189 9233 6410 1018 11424 7483 10164 14568 4934 7245 9859 12843 2253 5030 13600 1371 9678 8023 11919 13648 9470 4488 7325 12671 13975 13435 13292 1068 14897 14024 2417 8330 6961 5665 13249 1125 1215 12815 4368 5442 4537 1944 9904 11351 5669 715 1296 3793 5035 1614 6633 6662 13363 5898 12813 12983 2073 11917 13166 285 3481 1923 12146 12720 325 11669 14964 12308 368 7774 9466 1399 1229 7018 14588 9304 4042 13067 10235 5360 10533 11741 4554 328 8339 6342 13524 3701 7157 3466 6352 11954 5627 811 11622 6074 9579 879 13187 5221 11863 14543 4649 12391 3607 8852 2404 206 9766 2501 2787 10201 104 13515 9616 6261 12916 5653 10310 13583 14102 6255 2541 13077 2078 3628 3222 14138 7219 665 9927 6685 7431 6174 1292 6188 8905 13954 1822 13957 4083 8098 2601 3613 568 3909 7343 9828 9091 8288
166 14859 13272 12656 517 23 7798 4628 4503 14758 9145 10220 13304 6979 5940 2352 8282 461 13492 805 563 3062 10771 12240 7577 10754 901 11933 7175 4325 12461 4689 6561 5930 3195 13960 2095 12755 7207 9613 10398 1118 5894 8629 1076 10421 10669 14216 10064 1696 9978 468 8716 12564 218 14119 12534 5329 9396 4356 2808 6384 14962 13746 4992 14204 9402 11232 6957 9123 217 3968 11101 9312 12511 4115 8437 2835 8063 13550 6474 4376 14331 5262 4045 11089 14287 9375 2137 2039 5181 5958 4960 3097 14993 1841 9982 6143 14859 1617 10873 8963 1674 7974 10657 13223 945 49 1476 2795 8385 14227 1733 11956 3116 4051 5705 12953 2646 3736 742 7565 4681 11520 10108 14755 13119 3844 14789 13588 6533 12318 13732 6643 2139 5609 3245 7307 2522 12216 12435 13841 10971 278 2678 5798 1185 1735 4427 3914 6074 14605 10426 8822 6816 11980 7476 11235 9536 3168 594 6404 8580 5882 7512 13426 7601 3500
168 7612 8333 8446 14837 7137 12143 11269 9109 8443 6740 2180 1538 12564 12750 7455 10207 5265 6749 8389 4000 11284 6911 14154 731 9198 2990 2281 14467 2258 5119 14542 4595 12009 560 12889 154 6502 4685 2352 6461 11729 4994 5197 4860 9953 13775 12659 1090 10094 12999 12876 3202 14470 3453 1046 588 1022 10293 329 3966 5520 3076 2853 6537 5562 14196 11036 11915 8180 11999 14474 12321 492 14194 4773 2714 2079 8156 13842 2271 10272 1888 1369 6256 16 12879 7396 4500 3884 1277 2053 11316 9371 12439 11502 9685 8455 3250 6171 2875 3288 4964 1631 9085 7531 4904 3028 627 1512 7378 3171 3625 5756 999 10707 6212 11820 9272 605 1994 9499 3842 6299 995 9937 3911 3295 6594 3725 12924 5914 12621 2850 12565 4257 1306 1822 1540 14751 13144 6816 5789 7943 536 14233 12829 2851 9408 7612 2543 1920 12839 12619 934 4332 13080 10862 11894 5629 2994 2917 6207 1402 6930 7009 343 6239 12444 9773
170 4753 11171 12155 14470 4530 7345 11368 8008 6443 14680 3279 11988 13198 8613 7510 88 596 3117 5036 2217 2422 13598 7029 8000 11349 6653 8769 13253 2608 7836 8652 3733 12968 2785 5615 12733 14155 6660 12039 4400 12469 3170 1148 12822 4753 8454 2060 13242 4782 3309 10488 799 11375 12387 4243 1708 1262 10930 9053 7492 3587 6042 7054 12120 2839 14179 3354 129 12775 523 3633 4838 5650 11647 12879 9678 2522 6289 2636 10820 2209 4104 11086 12107 6883 7640 11526 388 6724 7968 4256 5524 5661 173 9181 13177 6570 14939 11320 9547 13118 13851 11166 3195 14427 14668 13765 2549 9470 8265 3151 7149 11400 6028 8790 5074 13652 7692 13876 11084 1096 6649 4212 8505 470 13692 13560 5306 22 12743 12841 1247 8277 9617 3964 11529 9363 3121 13195 7358 10812 7318 10914 6012 9612 10187 14085 4443 823 3113 1231 5116 333 13096 4270 1810 6526 6772 1233 14297 133 12198 7881 8114 8468 11411 11686 10683 5733 10126 10101
182 12369 8647 6674 6052 8183 1121 12615 6050 1768 5859 1984 1213 119 10578 10828 6349 701 6849 13211 663 4975 1789 3252 5013 12097 9035 7916 38 11781 3348 6889 4907 12934 9214 9453 5800 10740 9347 14818 4477 8465 11807 878 3151 13424 742 3688 8941 14394 10233 3027 2323 14053 4419 3600 6280 2060 7259 12387 11418 6241 12419 12018 3078 12826 2731 8732 11825 14246 9316 3985 14463 8894 12368 11679 9524 7906 9459 8960 714 5763 3976 5760 7712 11025 5622 9053 673 6624 13983 14859 3982 13156 838 3936 10112 4048 10763 13272 7534 1810 996 11464 1580 374 1520 1458 3146 2069 12840 13818 13591 8273 1087 4791 7353 10890 3163 1777 10037 3266 3004 7325 5075 1216 8153 6944 2768 13590 10996 6770 13700 4491 14720 9112 1208 13368 12436 13034 13113 9212 7069 5447 1757 13433 8554 8022 12369 2489 2549 8520 9022 4333 3850 11128 13400 14205 7310 669 9683 2127 14217 3199 8660 14892 13133 9776 7404 6428 4942 7742 1434 6093 8292 13729 1013 7629 6817 11044 13666 14035 9061 2369
186 14577 12093 7042 8356 12911 5425 6482 2048 12251 7549 13291 9741 12509 14577 7011 12870 125 4871 53 8521 2233 2640 10921 9574 4699 14518 13908 8466 4055 912 11287 4457 5273 2515 10901 8210 9950 2815 5461 13640 11471 3659 5889 9333 1805 6122 863 7303 10727 5826 11479 11687 10358 6074 8705 3004 2612 2753 12391 4070 2002 11086 14322 12636 14911 7429 7193 6540 8291 5976 9383 6129 6536 784 2459 14823 12867 1736 7656 3362 8501 10309 10774 5988 3212 2913 12732 14531 580 626 10019 1440 4997 8901 5021 4700 351 12556 5821 14527 36 10708 11475 9149 1920 13043 7181 5462 5741 4909 14147 1085 14976 11942 5792 2719 10793 2398 5520 13515 8717 14581 7596 6996 13264 5706 11013 5307 3613 6027 13722 8030 2389 4887 6636 12805 9065 4623 7827 12726 41 4882 11098 5758 10679 7497 6962 11567 10661 6398 1671 12826 5574 6438 12759 1570 3825 8884 7371 10889 14099 9346 4378 13893 12381 11674 13943 13506 569 13835 14645 5479 11211 12903 2402 13356 14462 10418 10325 3132 5882 2109 8297 4027 5474 11745 1436
188 1789 14409 11445 8854 12966 13339 11228 8406 9090 9206 853 2100 14507 65 6800 2568 14408 8154 13177 1152 12636 3022 11319 6627 5575 8296 4321 2521 5103 12798 3518 2709 10980 2409 8677 9140 7728 8312 6668 6981 7614 6132 9967 8757 4356 4292 11049 14083 13157 13514 8741 6784 12683 851 10971 13835 11881 1572 11174 10382 5704 1364 9401 10618 4169 3723 10985 3118 3577 6725 10033 3288 9209 6052 4958 10774 14897 12833 9696 9187 7318 7026 4233 1789 4797 4587 12988 1377 11476 2716 12724 13136 155 3924 12022 3244 13012 13550 11748 10978 14236 4566 7387 6456 12850 10450 2256 13794 11667 1407 13389 10390 3503 8105 14788 448 748 10276 12933 11999 5774 10420 4156 5374 4750 9940 2026 9268 4028 5818 5836 2269 180 6343 14280 111 9468 4493 834 4187 5982 11669 5256 2616 5451 13206 14172 3873 9522 13665 13861 10304 7777 11685 6368 9914 5371 1545 2659 8384 9505 11688 11623 2146 12209 9512 2845 12320 8189 8525 12090 5710 2224 9203 13007 14859 3566 7006 6988 2471 4833 13996 8933 11087 4372 8870 6882 8499 3247
192 8454 1144 11098 6733 11068 7779 10877 8100 5005 5 11513 2770 1164 9084 882 10441 2635 12680 9509 11397 8251 8354 7351 9589 12255 12837 10432 2493 2388 7963 11294 13840 2085 13057 13965 5757 4215 5391 14456 8654 636 2791 3079 11058 6798 6038 6517 11778 4440 9001 6207 4027 10024 1832 4277 8075 6177 12420 13918 3435 12509 6423 11789 1605 434 6864 12294 6050 3926 13131 3347 718 2139 4305 10790 8853 1551 8790 3260 2331 13607 1377 5296 4775 2205 4253 1289 9922 4007 11497 11535 10490 6865 9340 4900 11930 10546 2836 7405 895 14666 6654 7919 10416 13563 10826 12269 8036 527 5157 8997 946 496 7846 6624 4995 799 646 8131 8454 3978 3059 5098 12533 7339 8937 2809 7819 13791 958 10283 6149 7297 6828 5761 2383 6542 6671 13433 5072 11160 14694 10176 10415 5720 12085 13909 12494 14669 13754 401 12673 2148 1072 2488 2347 5364 9542 9045 14366 6305 4192 12996 2445 3698 8644 5345 12949 7184 692 4701 12278 8105 10022 14648 8676 14286 203 14987 4083 7824 5711 823 3503 4789 14077 4220 10291 9423 8849 225 10085 7756
194 12877 10625 14161 11131 9523 6569 8275 6295 524 9468 13804 9235 2729 13184 11660 4869 9223 7192 205 3943 5243 12001 13181 1204 2486 1976 11813 12677 11167 990 10939 6746 9366 2100 11772 3556 9516 2004 13901 11894 1175 14368 1173 14746 8954 1192 6380 3654 7829 12897 3886 4287 6052 14346 7008 12210 9638 7796 1978 4652 9130 2426 6853 7657 370 7334 9522 13013 6411 13051 13077 6 5163 7872 61 8089 7460 14064 3299 1230 14240 1702 11786 12269 5352 7275 10192 11673 11410 14869 9320 10034 12489 6004 13908 4921 33 9672 3768 4150 11095 9547 14341 12434 4673 3987 8054 1687 2983 14386 11596 12695 9510 13738 1226 13578 1904 6293 7801 13966 10945 12612 653 4868 12933 12934 2176 2522 1823 14822 4153 2196 1039 13050 10734 3281 2731 0 13516 6056 1484 3099 12838 13255 3781 3625 9416 9707 560 3446 3330 6421 8369 5128 1107 6337 5733 8307 4081 7669 2394 3595 5238 12389 13690 3040 8192 761 809 11508 12641 1031 1435 14338 12877 1475 13921 2140 7111 974 13189 4793 2264 12412 11656 10117 14016 11900 6530 1048 4789 5420 12006 1946 4105
196 14923 11621 4865 13409 9251 2659 8469 13795 6471 12003 8192 11773 5821 10824 10290 4390 9836 10815 10548 7400 7594 2983 573 2001 4272 5887 13964 7552 14638 264 11381 12038 10113 10367 13517 612 10488 3782 7247 9502 14835 6485 3492 6681 12254 5298 5218 5883 13894 11012 9707 14766 292 2584 7859 2974 13332 9758 7030 1978 11688 14416 14694 1419 14923 10116 10974 3032 4424 6734 1816 8228 8374 9250 2985 6394 2298 10149 9709 12996 6739 10184 5101 10356 13139 488 661 8675 11726 11865 6553 10920 8635 12327 954 5173 3861 7852 14523 19 9257 5547 8213 7002 11853 1140 10240 13861 10620 12202 4811 10989 12866 9688 9328 9939 13779 11334 8519 2 2508 13343 82 14697 3106 2728 2692 7398 10396 5493 9700 6564 7645 4946 5805 14539 13644 14567 1945 7928 10050 5419 13010 11645 6998 11335 3159 938 6781 7909 9577 1161 12311 11626 13999 5435 5077 2126 302 10978 6640 9776 1664 9463 14781 14674 2186 7731 9416 8471 7479 4750 4864 2117 2362 12620 6151 7675 14353 7820 5762 12373 4232 13599 13767 12329 1314 6890 9067 12091 177 1019 4022 10001 5597 10885 7212
196 12890 13487 6038 14758 3885 3917 846 8402 6764 4992 2080 10390 13287 10666 607 11168 5894 1653 11314 10512 9738 9733 2680 4737 12081 3726 8921 1630 2219 7952 5067 10796 3307 12023 552 14935 8040 2663 6412 4181 8280 5353 13978 7969 3341 14678 14874 14307 1659 7194 11821 8908 3021 6953 6866 9348 8385 7394 6095 7269 14628 709 11033 12742 11807 3276 1694 11069 8697 12520 3565 11673 11094 8790 8684 4108 1178 5151 1735 4771 886 520 2851 1068 6444 5708 3422 9915 5247 8355 3577 10202 11452 11463 4762 12340 4462 14459 14225 13472 660 9824 11426 1442 6432 7240 8427 1473 7397 626 1947 14032 2295 11646 8825 1226 769 5791 3127 9205 4574 3288 12890 756 7624 6385 8899 14613 10145 1505 10065 10403 14219 934 2990 11912 14733 3952 12036 7328 5550 1092 7360 13241 8467 9919 4487 8193 11133 8706 2306 11135 8415 9839 1289 12601 5016 11729 13534 4308 8536 14179 13118 2468 13967 14648 751 14970 10239 6815 5018 3625 12 9610 4283 8542 6877 1709 14741 9340 2887 10569 2758 14356 9019 7372 3031 9413 7685 5058 3953 3611 5886 245 11200 9452 9832
202 2380 11512 3032 1802 12861 7056 6180 7537 10772 10689 10582 13903 10238 243 6909 2380 10467 5368 10516 8814 1750 10933 10851 5660 6387 1960 10746 10295 12709 10392 13924 4228 2469 8621 4899 10748 2717 2946 180 6027 6720 11207 14352 4583 1835 3200 2237 6207 14922 856 893 2179 8605 1644 2510 14918 8031 13829 1478 10924 2591 7767 11551 3849 888 4826 347 2047 10862 1223 7049 13021 4246 9182 13386 10064 4683 4250 13016 14966 14250 3245 12186 12768 11546 903 2914 3994 7067 4304 14155 2562 8647 11302 12618 833 4030 74 14786 12080 1870 11435 8663 13368 14216 8045 6950 11459 5665 1790 12969 7149 14289 11763 2991 6220 8973 11529 10273 4995 2370 3606 172 5108 14984 3748 1579 13911 381 522 457 1947 2294 383 8652 5313 12106 12304 12713 3901 6319 13138 12641 11851 14410 5651 3470 11930 12216 1221 3809 10738 7793 7913 5293 208 4208 7350 4800 13379 13687 6827 1155 14392 7248 4867 8787 8043 3986 13245 1229 12509 6379 14877 14395 14496 521 9069 2861 3946 4407 3230 8742 13185 10381 11927 10011 9997 10539 1583 11914 13672 10703 8227 7546 8817 12275 3575 11835 10808 10770 4757 7050
202 5599 5599 300 13106 7574 1681 14237 3335 8977 2373 7831 7441 568 1685 5527 1284 1057 1298 460 4661 4854 199 1301 560 12625 13010 1918 7551 12141 14069 8512 9732 11105 13538 7843 4196 10042 10437 14881 5733 13389 6664 12221 4344 5035 10905 439 11822 12953 3991 4142 6131 11220 1759 9846 4744 5214 5859 4221 4920 9354 12519 9668 13365 14291 7489 8326 10532 12329 13020 7292 10658 1606 1230 7629 13246 2922 365 12670 6132 8697 9577 45 9612 1231 9040 10102 11281 3698 14689 11439 9794 13854 2036 10706 12614 5495 1986 4595 10756 678 8194 5033 14495 4521 7465 13039 758 7127 2562 5269 12992 4404 7586 11108 2400 1010 7395 11999 6054 8150 11591 9112 6958 8741 393 3321 14585 5813 13459 13373 5250 9413 14057 6116 2824 12857 11564 8586 3639 8160 5798 13610 13406 13649 10631 14212 1226 3100 611 5939 9868 9176 6196 12612 8832 11865 11145 13857 3010 12737 7893 7645 5899 10983 13108 3584 4531 5140 14995 180 1591 8927 10530 7716 3204 5682 491 14005 10787 735 4137 640 5101 6095 3103 2932 13848 9851 2163 12181 4072 4574 7321 6052 6744 8712 2744 14090 268 12444 2184 10975
202 11653 10982 13838 5724 14024 1668 54 2308 14767 10886 987 8215 57 12934 4145 11417 14261 4791 12324 14329 9612 2846 13363 13110 806 11711 14531 3858 9988 2247 5732 3655 7819 2292 2505 90 14442 3826 14840 2817 3441 10966 10492 9082 6941 4429 14627 13921 1122 12763 4080 731 4364 11653 8149 4022 2110 14132 10370 3335 12274 6557 11204 8471 11634 12197 5325 10409 7676 11462 981 13067 12665 3784 7409 5247 1549 7130 3474 7847 13533 13703 11460 10402 14032 10126 966 653 3852 10315 5415 494 10872 673 8280 8791 10608 5714 3565 11067 14717 8301 3193 2801 3398 12841 8736 7931 9134 10921 5913 2562 8587 297 14137 1516 1938 544 8612 4006 6462 9622 14581 13973 13449 5583 12868 14186 7668 6365 11650 1214 11838 912 3761 5613 3984 7449 3455 8920 396 8777 9403 6527 4377 4532 228 12803 7917 8805 1343 5311 5914 5090 3321 12610 7894 12190 3130 10344 2311 7308 2725 11472 11506 1834 7777 13264 6416 5593 14692 5439 2472 7848 2730 11705 14807 10871 9065 1985 13566 7553 12507 1554 9174 2711 9141 10628 7237 10256 12715 7934 3782 12084 13457 1796 14688 3759 7238 14615 8005 1422 1944
208 456 2118 711 12197 2104 5062 14520 67 1624 456 5028 12053 705 8431 3869 2667 10481 10371 7396 9333 4081 6253 13006 1694 8171 10832 9285 3687 1464 3917 13849 660 9230 14373 7160 1669 9672 723 387 464 13764 8326 3530 1806 365 785 5158 7060 8472 8998 2120 3774 3617 13905 9010 415 2802 1698 1825 4600 4865 14101 1311 3389 1985 11968 11354 9667 2292 11989 5472 3149 2665 6855 11033 14432 979 13458 305 13495 6992 12378 3724 1936 3487 10896 12072 12699 9575 4653 4856 8904 8918 7187 3832 10942 7892 9621 9263 6558 12689 8350 1130 1143 6059 6099 6684 13058 10913 10193 13383 6560 5397 8273 2980 11127 13800 12728 11868 5995 14976 7999 3255 3715 7934 9366 2828 2519 3883 6070 5318 526 5004 7914 10505 11858 3692 11303 10420 11030 744 7308 6569 12994 10557 3896 12804 13987 6605 5213 9693 8052 3056 12642 4202 408 11638 1908 10536 12951 1474 12240 10078 10652 772 3442 2091 12970 3569 1746 8832 8130 8295 9279 5581 11777 7170 1977 4701 1037 12084 5937 2155 6926 6490 11391 8055 2137 192 3732 5449 11467 126 5691 12338 8906 3433 2597 9078 14840 362 642 5108 10406 12883 7611 335 3779 5754
208 1827 4524 693 3419 241 12300 7685 13017 10727 835 10864 2222 1032 1610 5047 14930 14505 1673 5795 264 11603 8553 14394 63 5920 3710 5512 8930 12783 13042 8525 2433 12452 4863 13633 9403 3897 2962 13000 782 6509 9415 4332 14892 4213 169 6545 3313 7220 8943 12477 13092 14095 5010 13229 11871 6978 4007 11748 653 9007 129 9680 1257 148 11678 972 1797 13588 13898 2870 359 1350 2495 413 7131 11534 1369 4227 13300 4939 4952 10260 2915 9928 1827 9174 4646 14977 1754 7999 988 2115 10192 12621 3346 4931 4395 11572 4866 6614 3519 4993 5405 10563 58 11344 2068 8224 14304 9334 9200 3873 8060 6425 5876 7571 6435 515 674 14186 11579 7248 5100 10435 6938 14288 9861 10935 14109 6099 4649 4030 4786 10929 7954 8871 12967 5762 7480 14702 2643 3561 14187 13899 55 6043 3200 2387 307 8589 3331 13399 2386 14241 8165 11142 2470 638 12358 12355 5791 12180 5107 13845 14798 9411 11081 4400 2002 11851 11095 13909 11453 4574 11766 4642 2010 3842 1762 14603 9520 10070 11010 4444 8039 2020 10792 12066 2920 2770 6588 6786 9443 7772 13055 14427 4449 1071 5461 8476 13797 8740 9589 2573 9804 14262 10467 6965
208 11476 9393 8118 5756 10452 3899 4262 2005 3340 7660 133 12232 6088 9279 1954 1264 11414 12444 6541 2710 8624 14915 13275 4395 10321 14769 7344 10566 8918 337 4114 1169 5179 8894 7830 6585 14978 10367 7015 10050 12871 9213 10563 5063 12458 3570 3420 2375 5799 7577 14877 6273 2271 995 5127 12980 7657 13424 9459 6000 14348 12239 4880 10450 11715 669 1080 11924 5535 5299 13460 6416 6959 3919 1145 14705 7289 8769 7024 3708 974 9939 12425 2494 1150 4007 2797 5678 1787 12318 10052 2438 9483 13938 1887 2146 8147 13228 12709 10202 778 11811 1268 2584 12711 179 7479 12385 2910 11476 13696 519 1126 49 12299 978 1582 13036 7022 10126 13856 8419 3080 3384 6751 12906 9670 498 9170 9560 9358 6087 5458 12858 11241 10772 5714 11509 13809 14732 12225 11752 2243 5273 962 7058 3270 12319 13655 2041 14808 8901 4799 9034 5629 8534 13293 5107 10470 7297 9344 11516 12797 4165 11301 8958 14310 14564 1488 4483 675 12573 2966 10739 5719 7359 4013 14589 104 2651 7631 11940 3712 14280 11944 9601 13129 2820 11189 3913 835 13366 10469 398 13208 10146 11839 556 3736 10381 4060 7311 14904 11526 2916 14343 3673 5543 8479
210 162 3514 12681 3657 4409 8567 6407 6475 6561 14858 1842 1626 13758 5061 9832 3461 10171 3107 8450 5464 1354 13557 14868 1650 14048 2466 10704 13928 9976 4489 10830 8416 11049 14842 5646 1620 2500 6118 14309 9276 3547 5778 14149 306 8288 7225 2340 2711 10336 14479 5593 5097 12251 2343 6330 323 14576 11664 11888 9775 4599 9673 6603 2744 4013 11480 9891 9751 11896 1598 8788 11772 1787 11513 2379 5186 8294 6694 72 10501 10370 961 3351 9239 458 7347 7266 531 746 14776 474 9778 4609 5366 9882 5745 2127 4596 4253 8921 9326 2289 13630 14820 6490 13581 7678 9999 7763 8482 14303 7998 13444 9611 2533 13172 5223 2011 14704 7833 14013 10840 11104 2416 8225 5762 12879 786 3632 8966 103 6945 12412 14616 3462 14384 9905 14611 12374 2510 10230 5731 4087 2953 11419 14075 9685 7322 2495 3128 3475 141 13279 748 13467 162 4799 1215 9117 3451 6719 4386 4623 8470 6264 4325 8165 8089 13028 3659 10457 13396 9424 6225 4490 9723 13037 12114 7672 10080 6051 14226 5953 2697 12186 77 5115 14896 13201 4567 5862 5942 7993 12408 390 4971 7262 941 8580 2301 4312 14956 3062 5384 9678 7219 8041 10228 10769 8289 13097
