25 85 38 31 43 83 84 40 37 37 98 97 99 39 40 79 2 70 49 39 53 65 26 12 43 0 
6 83 10 78 83 85 15 
21 16 58 4 52 98 94 89 48 43 40 40 83 19 42 5 21 33 59 38 12 23 
34 64 29 17 74 7 52 59 74 73 27 33 30 79 83 76 20 84 71 60 24 6 32 18 11 5 51 22 95 15 45 29 79 74 99 
3 33 51 64 
8 77 91 93 59 22 28 35 94 
14 6 7 88 12 39 58 75 96 62 98 91 77 43 73 
7 70 72 62 3 75 27 63 
2 70 8 
13 93 37 98 39 1 56 46 42 20 85 52 48 33 
14 46 25 92 89 98 1 59 22 63 15 97 42 30 2 
13 39 65 58 76 16 97 29 24 44 23 97 81 76 
45 15 90 91 40 34 32 90 87 44 12 51 11 61 93 41 63 6 80 81 16 8 97 14 90 73 58 13 70 91 41 15 6 84 58 98 18 43 40 6 39 52 9 50 66 54 
41 29 13 24 62 29 32 11 43 74 85 53 88 55 97 81 23 3 65 33 54 36 76 46 94 15 51 3 65 17 57 9 46 70 33 61 52 17 72 95 92 57 
1 32 
15 98 13 40 53 31 73 59 67 50 6 61 17 57 16 83 
24 25 44 72 96 77 33 0 46 6 95 38 15 48 22 80 46 36 20 52 67 94 11 86 96 
17 47 13 26 63 48 0 88 92 25 36 21 58 36 20 16 84 10 
32 32 33 64 31 69 85 83 88 31 46 74 79 64 73 44 90 88 93 43 28 37 68 65 11 78 53 83 95 89 93 27 74 
26 43 5 47 80 40 35 11 86 61 42 2 34 87 45 22 32 40 51 21 8 68 84 86 73 67 33 
13 61 12 89 39 56 94 87 36 86 74 0 24 36 
42 79 70 81 24 93 65 64 96 39 24 64 23 62 37 43 96 52 56 60 41 95 16 87 82 53 73 57 5 50 45 99 29 15 81 53 60 98 69 56 37 45 20 
11 7 10 56 55 62 12 68 56 7 84 43 
42 89 69 51 94 19 96 94 48 63 27 53 24 77 74 80 15 19 53 28 78 15 84 86 77 96 54 33 55 90 29 49 80 98 52 26 69 48 72 69 12 99 22 
38 77 48 68 44 19 73 72 49 88 8 35 18 56 41 51 63 32 32 13 64 82 65 90 51 66 63 20 78 14 94 18 43 42 86 87 61 60 11 
11 0 19 98 18 27 92 22 91 24 54 4 
38 37 21 30 40 87 93 61 17 60 55 35 3 50 74 43 63 86 54 26 86 26 77 5 53 69 27 44 45 81 0 85 70 74 15 11 61 61 72 
31 21 79 66 76 81 40 19 97 78 26 23 65 52 0 70 57 21 97 54 66 30 6 51 53 80 19 64 42 80 88 73 
3 19 91 29 
1 84 
49 98 62 75 73 27 79 26 49 36 47 98 42 66 29 49 17 34 29 36 98 23 68 86 96 21 57 40 51 58 24 0 8 38 27 34 18 6 60 67 94 59 18 37 25 99 38 43 33 67 
31 31 91 0 69 39 21 26 31 24 37 7 76 97 46 3 31 16 61 91 83 56 51 53 45 76 52 83 71 85 2 55 
18 45 7 37 37 80 16 68 5 53 76 81 50 74 85 82 90 98 25 
25 6 28 79 3 57 31 38 28 69 41 35 37 38 42 27 75 23 43 44 80 48 20 61 50 94 
48 84 36 97 10 61 55 90 40 59 47 24 97 28 93 38 63 82 77 58 9 4 81 4 48 13 4 20 74 55 66 25 39 2 74 1 64 29 92 56 88 91 80 86 19 25 76 83 8 
5 93 69 10 26 74 
10 39 30 31 13 85 97 90 77 52 64 
30 68 46 22 24 34 14 57 72 85 82 1 68 90 6 13 12 68 39 38 79 78 68 62 44 54 11 34 83 63 51 
13 31 97 88 8 31 54 65 56 39 47 57 60 90 
15 73 54 84 13 92 15 91 60 77 87 66 88 22 49 4 
25 15 35 22 3 95 5 57 60 61 96 60 70 8 2 86 82 8 22 95 0 37 38 12 66 78 
29 54 52 80 58 77 47 46 99 50 41 56 59 54 70 8 66 40 16 20 78 50 28 52 97 28 41 88 92 7 
16 71 14 18 4 24 95 51 70 46 54 64 54 65 70 24 25 
36 17 94 56 47 44 36 0 42 16 93 30 8 1 48 32 67 66 36 91 13 39 14 11 45 78 65 63 48 42 88 36 59 82 44 58 79 
30 58 73 96 4 3 56 57 51 88 24 69 24 15 82 16 29 45 13 59 62 76 59 4 17 95 15 51 91 74 30 
23 84 3 71 88 58 28 45 61 16 21 30 93 37 64 61 18 61 74 30 24 51 89 80 
20 37 96 71 80 22 54 4 58 9 75 47 20 55 44 81 72 66 64 17 55 
30 78 25 42 52 7 18 55 49 98 75 38 94 99 18 68 53 74 27 14 2 26 34 57 70 68 81 88 32 98 95 
14 76 73 58 29 80 76 36 29 75 12 67 21 63 38 
40 68 12 69 82 14 95 17 72 17 85 53 6 69 52 53 33 80 26 92 61 7 20 98 36 95 62 56 69 25 94 11 93 6 80 75 73 27 44 45 44 
31 50 2 50 54 56 36 35 82 80 96 89 0 94 78 48 56 34 69 81 80 80 26 38 12 2 11 39 98 56 35 80 
9 38 30 13 94 18 48 76 98 45 
18 51 91 96 51 48 82 20 81 62 52 8 52 16 62 64 7 60 72 
42 92 31 80 75 45 26 93 93 55 44 90 25 95 82 73 98 82 55 18 15 69 22 23 21 38 37 37 45 50 10 87 42 41 20 17 86 46 63 32 53 7 74 
28 54 8 51 4 90 58 22 6 79 44 81 53 82 71 90 27 21 0 66 15 94 86 85 32 85 0 64 90 
9 91 69 65 99 72 69 90 83 91 
48 14 87 81 67 21 52 10 0 25 62 66 93 56 5 30 89 90 30 5 32 89 96 1 54 48 26 23 90 61 66 38 75 53 19 43 74 24 5 26 1 67 92 94 76 97 24 17 39 
6 74 72 95 23 25 49 
21 3 24 61 64 90 99 40 95 70 35 21 46 92 47 48 59 40 94 87 89 71 
4 29 77 79 53 
23 2 30 74 25 34 51 86 50 41 37 42 37 59 77 58 6 69 6 6 81 98 0 20 
37 23 25 68 1 56 73 26 10 4 52 35 90 3 73 40 97 10 83 34 69 12 44 75 34 2 33 67 52 86 87 40 9 64 60 10 20 86 
38 82 90 41 69 32 96 42 24 93 52 59 79 22 72 76 49 58 78 83 25 83 69 64 23 30 29 35 93 1 21 81 36 63 74 5 95 71 48 
20 16 0 79 96 74 3 24 76 61 2 59 38 85 80 3 60 10 84 48 55 
37 69 37 73 85 63 79 32 86 27 52 3 79 84 51 54 39 75 30 53 29 41 91 67 73 46 79 35 30 27 91 68 49 80 93 34 43 72 
16 30 51 71 33 31 7 36 37 46 11 19 99 40 12 43 59 
35 41 39 72 72 66 63 92 67 95 85 53 39 10 72 21 61 43 6 92 2 42 81 0 53 0 52 45 12 95 5 49 36 44 22 60 
12 37 4 30 33 42 35 72 52 7 45 65 50 
1 58 
4 93 91 5 98 
42 57 43 4 4 0 54 40 96 28 53 59 65 9 41 98 51 76 22 55 84 67 21 86 18 31 43 63 22 48 61 66 57 57 23 61 57 29 53 54 57 6 65 
22 68 6 73 19 34 95 27 70 15 0 9 33 31 52 49 5 52 10 72 9 19 95 
20 77 76 75 83 33 34 0 7 2 6 80 73 92 28 0 15 43 0 24 28 
33 28 77 89 80 40 13 41 59 60 63 88 36 38 23 21 72 23 28 74 81 61 48 26 89 0 41 32 53 17 12 36 45 90 
27 77 82 90 18 93 2 81 82 38 19 57 11 92 33 40 18 14 53 18 40 42 19 33 26 24 50 38 
10 95 80 90 72 62 32 90 56 35 23 
40 25 43 47 37 87 80 29 5 47 34 24 39 28 95 73 54 19 23 44 31 19 25 21 43 87 6 86 95 93 9 85 18 52 85 7 91 17 88 97 64 
22 73 4 50 68 77 56 87 0 1 70 71 78 44 15 17 50 1 13 43 62 50 13 
15 35 21 6 53 61 55 69 36 28 25 86 48 54 95 87 
7 96 58 78 74 2 45 91 
4 98 56 47 61 
7 60 28 42 33 86 47 95 
42 69 31 22 94 69 71 49 64 58 8 12 68 86 38 22 84 30 26 82 86 25 43 93 86 23 88 71 10 87 18 4 8 1 26 55 23 49 56 87 60 64 52 
28 50 90 51 86 20 29 69 59 55 64 4 93 88 44 64 98 84 35 54 92 36 80 47 59 82 3 99 42 
17 51 22 70 41 73 56 14 55 77 25 10 42 81 3 82 26 19 
32 62 54 86 54 91 18 54 2 0 57 1 42 77 4 65 47 98 90 55 64 97 33 41 7 27 22 10 9 0 30 41 62 
36 79 69 27 97 23 82 98 32 35 92 9 40 9 8 90 52 16 54 49 49 95 57 28 69 19 37 70 1 30 84 38 9 53 17 58 76 
49 56 61 35 1 70 27 10 31 17 62 47 23 64 48 70 21 76 39 92 65 9 94 95 94 84 56 99 53 14 28 53 23 89 40 24 11 19 86 42 36 1 41 11 65 41 81 38 69 20 
30 34 82 76 81 28 60 37 27 66 4 55 19 27 96 11 51 8 30 89 2 18 90 44 81 55 85 62 93 7 82 
24 41 16 52 23 96 65 12 76 31 16 83 2 95 80 13 46 88 95 88 90 65 78 86 46 
34 24 8 79 31 42 55 72 11 8 47 7 73 60 83 4 28 67 6 24 47 71 22 87 18 10 77 83 89 64 81 75 88 41 54 
21 35 62 43 46 70 43 6 95 3 89 99 83 8 57 7 7 80 82 94 98 92 
24 33 33 40 14 60 80 55 67 51 42 29 94 89 99 89 95 46 92 36 45 28 97 54 87 
6 34 69 51 32 62 27 
17 47 67 31 8 47 38 75 98 80 4 44 21 55 34 68 1 78 
7 98 58 6 52 46 62 38 
15 13 22 77 92 39 25 59 22 85 58 12 60 8 44 16 
3 66 71 39 
36 24 69 95 22 28 1 26 74 64 64 89 29 38 19 22 77 96 33 51 81 92 63 93 0 7 9 5 25 80 44 12 56 66 59 78 94 
11 4 68 25 20 9 6 58 28 28 87 76 
14 38 57 6 1 50 58 60 11 64 86 43 60 50 99 
26 9 77 72 70 33 92 47 5 2 54 15 82 34 2 59 48 40 68 6 93 71 65 54 82 81 92 
26 93 42 25 72 3 55 44 74 88 37 73 94 39 27 61 21 14 64 32 62 56 1 21 50 72 38 
6 54 19 48 32 64 42 
8 36 45 13 81 71 53 18 45 
49 9 24 61 82 38 25 15 53 33 68 74 35 40 12 91 46 83 91 79 47 85 89 84 31 54 17 54 7 87 99 59 96 24 20 30 14 97 45 67 30 65 93 66 57 57 9 4 92 1 
35 92 86 76 28 69 30 45 24 89 32 75 48 80 51 68 10 66 65 8 85 48 73 31 14 31 88 23 87 33 76 74 25 15 50 53 
36 80 98 12 69 82 88 18 62 39 38 24 57 4 32 43 4 6 26 18 89 14 93 28 47 22 2 24 37 52 77 73 84 27 38 53 9 
26 23 23 17 62 48 27 18 80 22 22 38 48 92 79 62 85 7 62 7 9 86 96 61 16 22 45 
43 60 51 53 38 26 28 7 40 76 34 58 9 56 32 47 4 76 27 19 14 86 33 21 96 19 70 57 35 92 55 31 4 58 36 94 84 64 1 25 93 36 35 2 
42 20 1 49 96 80 68 10 67 1 84 63 72 6 72 60 98 27 91 54 37 27 48 22 43 49 99 36 37 34 38 30 6 40 79 3 20 99 65 39 0 1 2 
24 7 75 84 57 54 75 11 92 54 11 66 98 13 65 34 50 51 25 32 58 17 63 13 89 
12 30 29 14 32 31 39 39 58 23 97 13 99 
10 57 5 24 23 3 37 40 90 39 91 
15 72 49 32 35 14 21 98 45 50 12 77 34 51 16 92 
27 65 57 78 78 66 83 2 89 87 91 29 77 30 73 44 2 74 76 38 89 97 88 34 0 52 11 34 
6 79 78 83 97 36 61 
25 2 44 29 44 83 20 25 12 50 98 56 5 73 32 95 14 82 83 48 34 87 11 68 43 42 
46 78 39 34 91 66 89 88 47 85 71 67 10 36 70 61 44 27 86 29 22 0 11 57 0 45 44 11 65 40 53 63 18 45 50 62 63 39 50 11 76 73 30 38 9 52 51 
4 79 37 83 1 
39 46 58 89 43 55 0 60 95 6 23 65 51 25 79 14 16 29 77 92 3 8 31 64 60 82 18 92 72 53 93 61 51 4 51 94 59 3 54 6 
9 30 23 12 55 3 79 72 32 56 
16 35 16 47 0 29 82 70 21 6 76 14 67 27 18 70 74 
29 74 80 35 35 10 59 48 18 62 79 42 46 87 58 34 4 58 86 85 40 56 6 46 84 72 65 12 43 36 
36 24 62 66 60 49 29 71 49 47 85 28 41 83 16 99 17 72 57 3 57 49 12 15 47 96 39 13 8 34 1 46 59 15 13 71 64 
44 94 66 93 79 94 34 62 62 85 32 34 95 35 43 44 99 58 44 96 50 9 56 84 62 3 95 77 68 66 93 62 12 59 7 43 6 41 58 20 78 90 55 73 77 
0 
18 77 61 14 73 11 23 81 47 85 84 43 14 4 61 7 18 26 19 
25 69 77 18 27 97 97 17 4 70 95 55 40 72 16 54 97 79 77 78 78 14 15 73 28 19 
37 36 38 13 7 15 82 36 34 10 33 83 79 38 5 74 45 46 98 13 0 47 44 30 78 22 44 93 96 73 64 83 61 54 96 20 70 30 
6 56 40 41 91 20 31 
46 46 76 42 97 41 95 96 85 77 74 8 73 19 4 98 84 39 11 38 35 31 60 65 39 68 58 81 59 30 12 56 28 89 50 25 30 45 22 68 74 48 76 48 68 32 46 
2 71 58 
42 58 41 55 75 81 23 85 62 35 67 74 43 96 15 93 73 98 91 47 66 17 96 42 65 16 26 64 68 49 22 62 59 15 69 34 96 93 72 58 80 39 33 
23 35 0 68 61 98 11 8 64 29 56 58 46 72 84 10 92 85 84 55 44 0 24 31 
46 69 3 7 1 42 40 76 30 92 45 91 91 8 51 55 89 8 66 36 80 2 46 73 88 83 80 32 83 56 63 79 78 18 86 79 61 78 56 43 23 53 86 14 61 37 69 
1 97 
37 39 78 90 37 3 78 20 35 62 3 91 26 35 69 44 73 1 57 4 57 52 27 10 38 41 23 76 62 26 73 50 65 3 40 3 58 18 
23 45 80 27 37 58 14 58 55 87 59 64 91 68 17 18 78 7 11 54 35 74 80 9 
24 46 64 16 49 75 86 24 20 18 3 9 77 17 68 84 57 79 48 48 48 17 19 78 25 
30 32 60 56 13 21 32 11 38 48 12 13 34 36 33 53 92 43 82 9 63 66 66 42 66 67 42 36 86 21 61 
18 5 73 25 70 47 57 81 85 6 93 98 92 82 83 97 74 26 79 
33 41 45 2 84 64 21 78 0 7 51 13 27 57 86 52 79 85 62 61 70 20 54 20 12 88 56 10 62 34 41 98 76 87 
0 
12 3 21 90 3 80 94 68 7 3 6 12 82 
42 74 43 14 94 50 87 58 38 43 20 53 77 62 51 53 1 3 17 4 76 8 59 8 54 27 67 57 33 79 39 77 5 35 92 51 85 79 62 75 74 82 80 
1 44 
31 57 45 86 26 1 62 34 60 22 40 39 90 97 73 21 37 50 27 24 94 30 61 73 92 88 99 75 69 3 71 0 
12 69 39 38 70 1 25 31 24 65 22 66 63 
45 87 52 98 66 76 92 49 89 18 41 77 17 68 46 72 92 99 84 61 38 23 31 91 48 14 67 13 37 33 28 84 73 80 82 39 8 27 40 97 97 82 75 66 2 73 
39 46 72 23 7 62 46 91 54 94 5 73 60 94 7 88 79 32 69 13 23 29 92 64 27 89 98 54 56 52 27 95 99 52 70 6 14 17 97 20 
13 55 94 23 1 53 12 32 85 33 98 60 62 90 
24 41 32 74 47 40 27 27 87 26 31 57 84 97 26 34 18 90 89 64 65 42 17 29 75 
4 62 73 66 77 
15 91 70 47 65 70 87 44 97 74 70 28 84 55 25 10 
39 95 52 30 59 18 72 28 47 99 34 62 72 1 39 40 44 61 87 9 31 27 6 80 53 76 60 37 83 38 48 24 33 0 54 45 70 79 73 18 
28 60 80 3 61 71 43 5 84 82 66 68 9 72 48 63 1 9 52 84 99 52 61 32 5 67 29 75 46 
3 45 77 63 
27 32 76 48 75 81 85 57 99 53 19 72 1 34 25 62 38 9 61 91 70 46 48 38 75 23 36 30 
21 13 45 98 97 21 99 72 54 84 82 54 37 53 78 90 87 3 5 77 64 18 
18 87 64 68 77 92 44 13 22 65 79 20 63 76 41 62 1 48 98 
33 2 35 88 32 78 27 35 83 4 99 53 25 86 18 93 15 62 37 29 36 2 60 56 18 36 98 32 89 46 31 24 0 66 
12 32 96 39 19 79 96 70 33 21 57 3 66 
22 17 4 53 53 58 13 10 76 2 60 9 43 58 40 68 58 58 80 42 55 72 61 
36 68 31 71 89 40 26 55 65 43 11 70 97 22 36 59 98 90 19 59 33 77 51 1 87 62 34 81 69 6 94 7 74 77 79 15 70 
7 22 35 53 86 57 50 8 
43 9 58 83 80 70 17 57 21 70 96 35 4 77 4 10 23 64 36 0 95 3 70 52 78 57 5 16 15 7 24 60 16 34 96 48 4 13 5 78 35 53 13 40 
30 70 2 53 34 39 6 29 94 76 33 24 86 39 40 1 46 16 13 15 51 9 63 55 74 21 85 10 74 51 50 
7 21 52 62 7 43 68 88 
40 97 21 14 83 12 7 36 11 23 49 26 74 11 41 82 85 14 19 95 41 70 97 50 91 2 12 50 45 33 38 87 82 12 54 65 24 61 53 35 36 
4 13 11 65 7 
45 51 73 64 98 14 35 96 64 78 98 29 81 95 14 71 35 96 83 89 13 60 2 66 47 38 20 13 1 38 72 46 89 45 63 39 12 50 35 76 80 85 57 61 81 71 
33 16 67 68 57 32 80 59 98 28 97 71 93 99 9 65 97 50 62 60 89 74 62 77 3 43 62 60 4 95 84 89 63 3 
10 20 36 90 79 86 70 29 57 63 28 
18 80 77 20 43 90 10 17 52 39 20 47 1 33 52 49 17 93 12 
22 55 85 8 46 16 95 16 45 4 32 25 23 12 3 95 7 93 5 25 97 44 97 
45 98 82 49 47 51 94 11 24 50 96 32 96 13 79 64 58 36 48 36 11 13 39 6 20 84 12 45 33 8 95 78 58 77 27 57 29 74 69 53 24 65 37 72 30 69 
38 41 5 37 77 16 50 16 22 70 52 86 68 85 95 63 16 5 92 95 63 21 69 32 26 93 49 64 17 80 85 6 21 90 43 98 6 45 66 
30 15 70 67 83 7 14 98 23 19 91 19 82 64 40 66 91 34 16 7 3 48 92 9 21 82 4 71 40 49 89 
20 17 59 39 0 66 53 51 42 25 42 13 7 6 53 26 49 87 94 56 91 
42 0 52 15 34 57 86 74 6 27 47 23 86 38 76 4 92 79 98 17 73 11 76 79 65 2 81 4 96 89 47 90 90 0 57 24 57 95 51 15 22 50 91 
10 88 67 17 80 46 15 49 19 27 26 
0 
44 80 83 48 29 73 96 71 63 96 29 39 5 24 90 72 47 40 63 7 81 82 24 61 80 92 63 51 71 41 2 15 21 37 63 50 10 59 22 73 7 3 13 64 27 
5 37 26 48 52 34 
29 35 10 42 15 54 5 67 25 46 21 40 20 58 4 70 69 15 44 94 75 47 59 91 75 15 80 1 63 33 
37 44 68 50 86 35 4 44 2 82 90 23 22 10 82 78 33 3 46 29 97 73 77 57 16 4 24 97 57 39 82 97 83 50 99 21 37 55 
15 40 37 56 15 12 18 49 42 3 52 40 85 2 65 62 
11 82 18 35 79 27 26 61 76 9 63 75 
30 0 83 96 92 72 4 8 84 74 57 79 30 62 19 15 64 85 29 27 19 99 14 50 78 40 63 55 1 78 82 
33 78 65 31 23 38 87 83 74 14 92 5 44 54 77 11 70 14 40 49 33 91 63 83 69 3 46 24 56 24 7 40 54 24 
21 29 14 11 12 41 25 5 46 69 11 23 32 82 37 72 31 70 63 47 5 84 
2 51 9 
9 27 68 51 34 92 22 63 59 85 
26 0 10 81 46 31 92 70 63 26 59 35 10 82 50 57 87 35 59 91 96 18 18 64 21 52 8 
46 16 67 81 44 67 92 77 66 23 21 36 87 48 47 74 10 29 77 67 17 12 78 8 60 49 78 24 70 83 84 66 51 4 48 95 71 92 24 89 15 45 77 54 45 25 29 
5 54 6 74 71 70 
3 31 30 54 
12 6 24 45 90 43 48 94 43 43 18 35 67 
7 50 64 85 5 10 62 86 
17 16 92 92 40 14 97 23 44 51 85 2 27 82 92 70 30 39 
13 73 9 48 92 68 51 57 5 8 19 67 94 36 
34 38 80 76 52 77 99 48 80 85 50 8 67 94 30 50 85 44 23 46 44 68 15 47 77 20 7 96 88 1 84 24 91 65 0 
45 42 99 43 23 36 45 83 56 92 13 6 29 9 81 76 6 49 91 5 78 63 13 26 3 66 11 27 58 76 79 53 70 79 49 45 15 46 28 23 38 94 29 68 55 11 
46 61 12 87 67 91 2 32 17 6 98 80 33 56 8 13 62 79 44 11 76 11 9 57 35 48 51 64 68 58 75 64 20 40 3 39 31 5 71 0 11 69 33 97 78 41 10 
40 72 6 3 49 17 12 6 52 12 9 69 32 67 96 48 87 36 51 78 19 9 1 72 20 23 5 17 53 46 79 45 19 37 48 20 55 12 26 59 77 
35 80 61 2 77 10 42 65 13 20 37 22 74 9 43 49 14 12 2 12 44 47 83 81 47 3 36 11 29 48 88 16 28 2 19 57 
12 61 23 25 33 60 48 59 21 43 8 87 7 
10 99 51 9 35 33 56 38 21 68 20 
21 8 36 50 10 55 59 22 68 34 0 2 46 0 13 67 43 22 54 50 84 6 
4 94 41 87 2 
31 60 70 51 82 31 88 84 41 95 43 16 64 78 68 18 76 68 31 44 63 53 50 65 90 56 19 84 49 58 86 81 
19 9 32 53 92 72 37 33 68 32 1 32 62 21 50 39 89 33 83 4 
37 85 70 77 42 41 13 91 0 51 24 19 12 57 24 4 29 61 90 97 93 91 81 56 65 83 47 54 17 30 11 4 67 33 33 9 74 98 
3 74 49 77 
45 62 86 69 18 68 82 8 17 28 52 99 36 17 82 83 23 99 65 34 55 32 67 40 94 94 38 47 20 40 76 18 54 15 87 72 83 22 81 0 50 85 99 86 2 34 
19 25 85 86 12 93 18 79 33 12 25 24 11 46 16 88 64 70 55 3 
44 38 25 27 38 27 12 90 13 14 76 34 40 61 20 4 6 91 35 40 3 61 16 67 7 32 7 23 54 62 26 48 0 4 76 90 31 88 32 97 55 8 31 47 22 
4 51 28 95 86 
20 50 47 36 17 6 68 24 29 22 38 8 23 38 12 99 81 95 39 13 92 
46 74 76 93 48 80 44 28 27 83 49 29 30 37 47 89 58 23 70 32 62 78 55 52 42 6 85 38 98 51 82 44 25 58 38 25 90 34 53 69 17 54 99 0 44 98 89 
2 73 59 
36 87 90 42 92 32 0 77 22 98 28 57 95 5 67 85 30 10 19 36 79 89 42 30 89 38 28 78 40 54 89 27 41 79 21 33 64 
23 11 38 24 91 95 19 97 15 4 79 25 75 67 4 64 62 35 53 0 15 83 93 69 
25 72 63 4 93 96 20 18 59 11 42 51 58 61 0 73 17 79 98 45 99 3 9 61 90 15 
13 5 98 6 27 23 78 90 80 23 38 52 42 98 
13 84 1 22 98 1 95 67 32 94 12 83 49 22 
44 39 37 10 96 87 16 75 63 95 65 43 70 4 47 12 54 11 49 7 85 99 60 80 66 92 26 31 28 27 5 24 18 42 34 15 81 51 90 44 98 8 39 68 64 
37 33 70 50 82 77 35 81 37 67 99 81 46 30 9 73 35 34 92 29 20 59 11 71 1 7 21 9 47 42 73 86 75 43 36 57 72 71 
40 61 90 89 43 36 20 4 62 55 90 54 85 11 13 48 34 14 55 8 76 54 50 1 40 25 97 28 34 69 99 24 31 42 13 26 78 85 30 40 41 
23 46 78 84 11 26 70 78 33 78 54 88 80 55 80 57 52 9 91 74 60 67 5 2 
33 31 33 18 13 73 11 86 72 89 22 83 67 45 61 53 75 67 93 56 75 73 65 79 82 57 53 95 76 10 97 9 93 30 
30 7 56 91 45 28 33 20 63 52 65 77 5 92 44 98 48 19 24 14 99 58 23 4 53 51 15 3 61 8 33 
43 67 41 84 65 21 69 85 85 22 2 14 79 94 58 30 95 30 54 61 81 12 84 85 66 87 52 69 48 61 54 41 80 48 78 45 69 99 30 6 73 84 20 53 
29 31 83 74 61 89 35 42 1 71 79 67 58 32 88 59 45 95 52 25 43 82 71 12 82 53 71 7 38 91 
10 17 22 95 43 35 84 30 29 86 53 
9 5 11 93 46 22 38 41 27 15 
34 9 86 48 43 92 71 51 30 63 63 99 37 59 42 25 95 24 54 33 77 15 91 40 8 37 15 98 30 42 14 14 3 52 14 
47 44 86 50 26 1 13 25 90 24 19 15 20 43 22 53 72 37 44 13 98 33 28 48 63 22 14 29 25 19 96 72 15 82 22 42 35 36 19 77 12 91 93 32 34 67 38 59 
4 34 24 54 68 
2 55 83 
24 69 13 99 88 61 24 4 43 98 98 30 86 17 7 99 8 52 31 95 19 21 54 76 56 
28 82 76 82 37 11 8 59 76 59 99 37 35 3 32 34 53 62 20 71 22 19 31 74 3 78 94 24 84 
22 32 14 4 60 96 42 72 56 53 48 68 52 86 3 8 18 37 61 33 58 84 55 
27 16 81 32 46 27 9 31 49 93 45 54 54 94 48 78 50 1 26 18 5 64 22 13 35 59 75 68 
19 11 75 99 79 56 31 26 84 92 57 33 86 2 39 40 96 39 18 99 
42 96 17 98 61 91 63 96 3 90 16 72 2 91 71 81 99 55 59 83 47 68 69 33 71 60 25 19 52 95 70 44 92 40 94 53 31 58 1 86 48 69 59 
0 
12 82 84 11 89 43 47 89 64 68 22 87 28 
0 
6 80 95 29 77 87 69 
21 92 52 29 45 39 78 14 50 80 78 32 64 90 74 60 89 63 24 57 37 11 
37 37 69 18 33 98 47 72 19 18 17 72 48 62 11 78 29 61 58 7 45 75 49 19 35 38 82 11 95 20 22 33 9 43 3 94 94 50 
17 13 68 36 85 68 98 96 46 79 57 57 87 3 32 36 74 67 
25 57 78 22 29 52 55 38 47 10 33 41 60 52 55 81 88 40 49 38 37 48 18 46 5 5 
1 37 
43 76 56 68 33 86 91 14 90 98 52 37 9 37 79 21 89 34 2 29 74 52 68 63 52 86 10 57 43 63 94 36 39 2 5 24 88 48 38 78 98 91 15 59 
30 94 81 70 80 83 99 7 87 19 70 39 5 32 48 48 48 94 37 87 96 94 12 84 42 2 14 92 45 30 52 
26 76 33 96 9 68 47 16 56 19 38 47 24 23 96 25 71 90 14 10 39 8 74 23 2 77 90 
44 22 20 46 48 48 31 96 57 0 96 25 56 15 64 55 91 87 51 68 10 94 82 20 33 90 95 8 92 24 50 39 98 70 85 47 71 17 95 28 69 43 54 25 58 
20 32 2 9 84 70 19 30 5 91 15 95 38 75 40 62 26 79 61 48 16 
10 19 85 7 0 54 51 6 79 61 76 
14 63 85 0 34 56 30 39 47 97 86 38 72 78 52 
0 
7 13 99 74 25 18 59 33 
18 14 36 76 45 97 52 9 61 89 9 47 45 91 38 45 88 76 35 
13 55 87 63 12 1 62 38 78 33 50 63 3 16 
49 80 61 49 84 23 10 74 84 9 71 28 99 16 16 75 3 81 82 91 45 47 44 59 85 22 44 87 38 48 3 89 80 17 38 64 40 0 38 76 9 10 4 60 78 73 36 82 54 18 
25 51 65 69 63 3 91 7 90 81 55 94 71 87 11 9 52 3 10 42 31 71 4 36 32 35 
11 20 69 67 90 94 71 8 63 34 11 6 
41 53 88 49 99 59 36 62 68 40 65 30 35 49 54 39 37 38 74 98 58 95 65 0 89 36 8 52 22 71 59 64 77 99 13 76 58 1 39 78 94 56 
11 29 5 15 68 42 5 95 92 15 90 10 
15 80 98 76 84 21 99 95 85 76 94 50 5 4 3 96 
35 97 52 96 26 10 63 95 52 68 42 45 35 32 55 50 64 53 78 49 26 30 96 11 6 91 13 63 47 17 59 82 14 12 78 93 
24 93 40 26 13 82 23 48 66 30 51 31 36 81 32 62 11 28 74 70 71 39 33 19 56 
45 1 23 9 32 16 83 77 56 9 91 90 85 91 56 15 94 39 51 76 23 14 87 4 40 9 75 79 95 94 36 40 48 11 49 32 27 32 9 35 93 52 25 78 96 33 
44 90 73 45 18 48 11 58 52 51 67 28 31 62 74 19 2 74 30 3 6 57 35 68 44 81 20 69 59 68 2 5 59 27 3 77 76 14 35 28 66 55 8 49 17 
33 68 72 9 50 75 16 59 63 84 3 44 56 72 55 25 26 61 36 6 64 13 82 30 1 62 48 56 71 97 25 6 17 97 
15 67 25 31 26 40 67 81 84 76 5 91 53 84 52 89 
40 68 54 72 99 55 86 47 11 57 45 89 15 14 86 31 34 63 14 12 3 34 94 39 10 99 31 63 83 35 52 73 4 58 97 3 14 36 50 77 45 
47 66 61 62 5 92 48 68 58 60 72 92 54 63 2 6 94 17 89 30 21 15 86 80 64 89 94 0 91 23 46 91 90 59 5 95 51 53 15 9 13 87 54 20 3 56 26 97 
26 67 79 47 34 65 79 99 6 25 51 50 49 49 41 91 8 46 38 11 51 53 73 64 93 27 84 
46 35 62 93 61 30 25 61 64 42 40 15 49 66 67 99 67 68 92 58 29 90 96 92 41 49 65 57 42 44 42 38 80 4 84 41 86 61 54 51 3 95 66 52 13 85 3 
30 6 47 90 35 37 86 27 30 87 45 88 30 89 82 20 21 38 56 15 25 17 69 76 21 16 94 25 29 80 81 
11 86 28 51 73 18 89 0 48 77 97 88 
9 87 70 31 8 9 88 23 86 57 
45 62 30 61 56 56 43 88 89 4 26 69 8 99 87 97 52 88 26 49 76 85 88 99 69 49 8 9 24 46 66 69 8 97 31 16 5 74 57 94 30 83 63 38 83 3 
36 35 91 14 36 19 52 25 70 21 74 30 30 98 76 48 20 84 45 3 53 50 77 10 96 59 93 60 98 28 15 86 15 58 0 52 77 
2 77 0 
25 51 30 55 1 7 56 21 43 1 24 96 4 53 58 0 13 4 12 63 32 27 1 48 37 1 
0 
17 6 29 67 83 32 97 91 85 4 47 59 48 48 83 44 4 89 
5 57 54 59 21 69 
43 1 70 91 38 23 43 5 81 24 72 65 56 70 56 42 74 3 1 74 3 36 71 8 77 26 17 31 85 38 52 28 39 22 72 78 46 67 35 79 92 8 44 48 
28 0 42 4 55 95 79 59 32 50 19 61 28 88 45 13 26 97 93 18 20 65 48 18 85 83 49 77 91 
44 77 21 46 72 78 2 67 57 13 51 59 84 13 87 72 58 52 98 55 45 68 27 63 16 97 48 0 47 77 43 93 54 65 39 26 43 93 46 52 58 97 63 42 10 
0 
16 20 54 17 28 99 85 55 14 2 5 62 54 4 39 97 97 
46 62 36 24 57 82 70 61 40 20 24 35 82 26 1 3 80 18 83 32 56 90 46 58 95 61 64 99 0 61 96 98 76 85 23 33 67 45 47 59 17 71 46 0 50 0 55 
30 18 90 14 26 80 61 36 76 22 0 75 74 62 24 25 90 61 48 23 80 45 70 39 15 94 38 15 44 38 22 
26 8 12 41 35 92 2 71 20 76 24 48 2 86 72 27 76 33 27 51 13 73 74 4 88 20 42 
5 64 80 29 90 89 
43 83 76 37 37 47 58 13 71 6 68 9 30 95 37 15 23 41 28 48 15 84 88 87 27 95 51 59 76 93 0 69 77 76 6 14 24 16 80 47 74 48 9 4 
43 46 19 18 39 99 66 54 36 6 93 15 1 44 74 77 90 75 98 19 3 5 33 27 73 65 27 48 13 36 4 9 34 24 27 74 75 46 80 11 52 74 26 6 
20 53 83 12 80 34 31 83 39 65 63 64 30 42 12 96 30 69 5 64 93 
34 90 20 30 23 84 35 49 62 41 71 15 76 84 95 10 15 31 1 32 94 66 15 36 30 11 66 99 68 82 44 52 25 17 35 
48 1 70 97 63 63 68 31 39 4 26 2 20 57 55 52 3 21 67 91 4 78 57 55 98 92 52 51 17 69 38 65 22 8 14 85 23 34 16 14 39 95 16 59 4 72 63 60 45 
31 51 1 61 61 9 60 53 61 63 70 82 1 87 4 61 53 89 84 39 58 98 78 53 67 89 9 91 53 69 88 36 
21 42 97 34 51 57 87 12 20 9 94 21 48 50 34 53 91 18 92 49 69 23 
4 88 64 16 31 
17 85 19 5 58 13 3 92 64 12 31 28 85 40 74 58 40 24 
43 93 16 63 86 17 32 9 72 20 73 88 51 43 25 23 48 84 36 3 76 53 68 60 81 53 0 56 63 41 32 56 34 48 20 72 18 4 81 90 25 7 30 28 
0 
5 3 50 39 40 6 
18 93 74 28 26 79 80 34 42 73 67 51 60 67 71 32 85 75 66 
27 52 73 57 33 75 13 36 77 4 76 83 24 21 9 4 48 88 85 82 83 10 1 34 70 69 57 55 
6 84 21 34 37 46 91 
22 73 4 58 50 61 87 86 85 8 47 42 8 36 27 43 71 89 44 5 60 65 62 
17 72 98 40 6 87 86 97 9 11 54 68 13 67 55 99 4 15 
47 46 76 35 25 19 6 15 15 63 27 81 77 94 5 75 34 11 63 72 60 72 83 66 92 48 33 99 48 90 67 47 36 43 34 62 14 40 77 29 55 4 62 32 50 67 7 36 
30 22 60 91 95 95 9 87 43 95 39 43 85 6 90 21 49 24 83 63 16 12 44 23 68 7 55 18 26 15 6 
7 37 66 0 32 61 9 72 
5 4 11 48 89 69 
41 63 70 67 46 85 36 11 29 59 79 88 15 50 15 30 56 24 67 23 24 52 36 33 76 93 90 39 94 31 8 85 94 78 4 93 63 40 4 44 0 35 
35 67 85 0 49 94 76 68 69 0 20 5 85 96 99 27 35 93 59 95 30 5 25 34 98 40 75 54 85 27 42 70 46 27 22 95 
21 98 63 90 50 84 48 35 32 99 63 20 92 74 67 74 79 93 8 30 33 35 
36 18 14 78 40 60 6 62 55 79 12 19 22 62 55 70 98 39 21 13 59 13 87 27 39 66 72 47 48 5 35 85 76 49 63 16 10 
21 31 17 53 43 36 75 6 43 97 56 35 18 69 94 83 56 73 22 74 97 21 
23 3 56 60 79 58 23 95 68 97 26 85 50 22 74 77 28 69 26 84 4 44 5 51 
29 13 76 53 39 74 26 14 29 35 74 8 93 98 55 61 95 34 98 97 56 24 74 36 94 0 72 50 96 77 
3 27 42 30 
30 81 56 58 96 85 93 70 93 86 20 0 99 67 34 50 16 42 74 90 78 20 42 2 23 38 31 76 17 73 58 
47 7 14 8 3 51 1 25 96 40 98 97 39 17 83 41 34 26 68 24 56 40 67 59 63 57 42 92 75 16 50 24 75 17 32 30 68 86 55 17 26 5 14 17 23 97 59 57 
25 79 33 32 19 52 43 35 10 37 27 37 5 29 13 80 98 98 10 19 84 18 36 62 23 50 
29 46 99 90 55 75 21 89 59 41 93 54 76 3 91 55 92 97 36 6 77 35 4 88 6 40 6 42 2 81 
44 33 80 43 76 35 70 97 76 29 90 70 35 66 25 27 73 70 24 10 28 53 97 84 41 3 24 99 45 78 33 41 11 13 84 39 0 7 37 29 88 27 99 24 46 
26 51 19 46 27 81 74 80 78 58 74 81 34 25 78 12 58 19 76 23 4 15 24 63 4 53 51 
34 4 75 30 32 78 1 79 5 35 5 38 13 64 12 95 50 89 73 63 48 93 91 23 49 58 99 12 63 4 15 47 8 91 29 
41 69 82 72 27 17 77 65 83 93 29 78 44 18 3 59 18 48 2 42 49 60 41 13 23 46 29 22 6 20 3 99 41 38 23 68 55 1 85 38 46 14 
18 42 85 24 53 3 24 55 97 74 16 39 87 91 37 16 14 95 88 
17 95 30 55 70 50 63 71 88 53 70 54 74 12 39 98 18 43 
24 73 40 48 89 31 88 81 20 4 47 16 45 16 63 27 24 33 29 87 57 17 92 79 24 
16 91 63 16 9 58 43 35 51 91 76 34 79 57 55 36 56 
23 81 73 38 8 97 23 37 36 80 7 80 59 31 99 3 46 67 64 5 10 51 56 2 
28 42 33 85 97 69 42 72 2 67 10 62 64 34 52 52 66 59 32 78 42 31 81 88 99 97 93 9 49 
1 63 
27 44 97 14 93 18 8 66 73 27 28 35 91 62 87 95 29 98 28 59 40 11 40 29 10 89 74 72 
40 28 35 19 24 84 86 69 3 46 35 76 74 16 11 17 78 51 13 59 49 93 18 90 4 10 71 15 52 97 87 42 25 74 14 1 59 0 71 62 46 
8 90 72 74 53 90 53 4 3 
14 54 96 83 96 0 45 19 67 97 16 6 92 94 81 
6 95 40 6 66 2 4 
25 44 77 51 97 67 4 2 22 21 8 70 56 56 22 1 75 90 99 91 96 91 85 77 49 33 
19 7 99 71 11 76 67 40 28 65 59 84 19 33 5 27 3 61 35 26 
15 10 16 66 53 64 9 91 94 58 24 63 65 75 87 28 
4 54 69 32 19 
30 68 38 14 74 17 17 87 4 43 2 66 11 20 20 28 29 63 22 87 39 85 4 66 24 33 70 79 54 54 50 
34 23 41 48 49 58 66 36 15 61 91 81 25 11 1 53 93 16 75 80 7 12 85 74 37 70 44 68 24 51 18 58 74 59 59 
23 70 25 59 85 38 2 66 63 66 20 16 59 36 43 91 44 8 28 70 45 98 66 65 
24 17 83 33 91 43 92 14 13 69 26 50 59 80 16 23 46 36 91 57 25 35 49 21 95 
27 43 92 76 9 57 50 27 40 35 18 83 79 85 48 0 63 98 60 43 67 83 42 55 26 99 80 13 
48 53 8 26 96 0 54 6 57 56 85 50 92 55 85 23 40 34 24 55 84 84 51 51 19 93 59 97 92 91 11 93 45 71 71 93 72 77 51 81 33 36 31 77 44 69 1 84 3 
27 92 39 13 43 43 32 36 2 81 80 93 92 25 90 64 96 84 88 73 35 21 59 24 5 36 68 74 
39 4 29 66 48 68 79 91 11 63 79 65 45 60 59 89 37 1 5 86 85 45 11 73 67 70 49 72 7 69 98 48 73 27 15 74 95 94 65 59 
8 45 24 55 57 35 44 94 37 
2 80 74 
47 92 99 14 14 48 38 73 17 36 22 43 63 37 17 11 83 34 70 41 79 46 48 88 34 45 83 23 47 15 49 94 59 49 9 74 49 47 47 67 84 69 62 99 6 31 10 90 
17 32 83 49 79 32 37 65 77 72 88 24 88 89 70 99 38 79 
23 88 79 21 7 15 90 21 14 49 4 77 91 21 9 26 70 40 10 60 5 39 32 45 
15 72 35 86 72 25 65 45 13 44 18 72 11 61 93 26 
12 97 3 53 71 64 31 41 5 42 1 10 81 
36 8 97 58 43 83 82 68 0 80 34 97 98 6 8 11 52 86 73 1 89 78 72 54 10 66 59 52 19 21 33 5 29 82 64 24 65 
48 45 66 78 31 15 29 37 23 40 41 10 66 43 51 44 67 57 54 33 68 58 53 90 44 10 71 26 26 48 44 25 45 62 3 76 77 32 65 0 25 7 62 91 2 14 35 69 71 
42 55 40 52 8 82 96 18 5 75 45 53 19 22 98 33 25 26 10 10 92 62 87 51 25 78 53 39 65 22 62 59 29 2 12 37 36 60 8 42 35 5 47 
6 27 98 39 4 24 49 
16 68 12 53 19 37 31 72 28 49 47 90 8 76 45 20 66 
33 33 26 75 68 83 75 75 62 73 66 66 49 16 85 18 80 38 89 69 22 62 49 23 61 39 31 89 36 4 55 70 37 33 
47 57 16 72 84 78 97 51 97 99 19 82 17 99 72 58 20 46 20 69 69 33 60 53 23 97 57 30 67 46 64 64 3 32 89 40 11 86 91 60 85 10 94 54 61 18 13 33 
15 85 2 86 19 62 91 94 59 48 24 78 46 40 43 2 
23 84 42 36 70 33 96 8 95 42 14 8 60 79 41 77 17 43 16 88 57 7 82 17 
8 58 47 54 99 42 56 24 26 
0 
10 97 35 8 57 30 2 23 90 62 3 
31 92 20 26 8 60 84 67 42 53 75 0 0 82 51 43 38 27 69 41 87 18 76 47 27 59 1 51 49 64 54 81 
8 26 59 68 86 43 35 80 96 
11 32 49 93 84 92 83 11 13 24 51 84 
3 50 11 12 
2 62 61 
18 16 94 76 94 54 44 80 49 31 60 98 42 93 47 87 29 91 23 
42 56 99 95 40 52 46 52 64 50 14 78 18 83 24 46 77 30 42 10 32 73 22 30 68 67 29 7 48 20 30 41 76 82 36 69 34 34 21 51 36 87 81 
6 70 5 52 0 88 46 
12 20 72 84 50 92 4 31 99 52 51 82 93 
29 64 82 0 50 68 21 1 5 61 82 11 31 40 16 83 80 14 45 0 86 82 2 78 86 33 30 38 36 64 
34 67 80 18 68 30 86 89 84 43 50 18 7 34 58 23 69 38 37 15 90 76 49 92 6 35 77 88 25 13 52 9 33 84 27 
1 15 
16 42 51 9 45 69 16 79 80 91 48 70 81 15 61 57 64 
5 63 51 35 52 77 
0 
6 38 33 41 66 34 8 
34 77 59 45 74 80 62 53 60 5 53 31 86 21 44 43 37 49 59 89 84 11 18 85 19 56 18 60 74 5 68 58 34 79 4 
8 60 18 13 20 23 18 3 10 
39 47 5 29 49 64 18 33 27 88 70 47 44 41 7 19 98 28 77 32 59 33 40 19 51 5 92 75 23 47 37 15 95 42 44 44 59 14 29 86 
2 0 33 
48 93 93 17 91 73 47 23 32 80 15 4 32 72 96 59 95 43 96 62 90 90 6 34 49 72 16 36 26 68 21 25 61 66 42 52 39 41 27 24 22 94 28 54 18 76 65 13 71 
11 28 62 51 86 48 1 59 64 89 37 32 
12 62 45 29 57 49 20 98 28 96 20 74 24 
26 92 52 91 58 24 4 86 38 56 72 86 9 83 3 98 21 87 12 83 33 41 92 82 14 91 63 
10 63 37 35 90 30 39 33 88 63 38 
26 53 46 98 40 7 82 95 57 55 82 69 38 67 11 31 50 77 74 65 87 37 2 74 79 84 14 
13 72 29 3 98 83 1 49 75 8 83 70 65 38 
2 34 28 
20 97 11 22 74 85 87 14 75 41 88 54 26 2 19 50 32 74 1 67 75 
0 
42 35 85 12 0 23 64 87 51 36 36 63 10 63 0 49 77 75 91 65 30 69 20 1 19 4 76 20 71 51 22 13 87 7 25 39 30 41 78 34 30 67 49 
42 82 49 42 11 77 85 28 7 54 48 8 25 4 36 46 75 88 20 40 27 28 17 18 10 11 49 96 41 68 45 33 50 47 27 61 24 12 41 83 18 90 43 
44 46 80 42 22 68 62 62 47 90 80 17 53 91 18 49 84 86 47 69 88 94 97 1 18 61 43 1 32 85 44 76 31 24 18 53 44 32 68 43 75 0 13 28 43 
31 29 79 18 76 48 58 70 97 60 40 11 55 93 43 40 90 71 71 66 41 77 63 73 97 6 48 49 19 28 92 3 
8 23 73 34 23 31 57 73 91 
49 84 46 43 79 38 33 2 10 99 43 39 62 68 88 21 17 37 92 97 81 95 55 4 68 42 79 52 51 52 95 0 88 94 95 67 32 28 69 94 80 64 33 94 33 21 15 2 10 60 
49 91 7 7 47 76 1 27 80 52 79 75 4 68 69 0 87 2 80 9 48 60 25 34 7 58 55 74 60 18 34 12 9 42 19 9 70 20 36 50 24 67 77 28 87 47 80 27 1 61 
38 49 73 13 83 80 24 91 55 36 9 89 48 70 83 67 79 53 39 67 55 63 87 33 44 74 80 24 1 33 37 89 82 11 55 66 43 79 9 
0 
15 70 40 64 40 75 83 72 81 75 39 36 90 78 69 86 
3 1 11 6 
34 0 48 69 63 3 87 7 82 96 57 49 66 49 65 58 25 1 30 6 76 22 94 18 0 16 5 5 17 68 12 4 68 60 25 
32 15 12 39 49 60 48 98 78 98 64 36 75 17 19 33 93 93 27 11 45 95 16 51 65 84 15 21 5 75 46 37 42 
10 28 91 70 28 89 0 78 5 36 53 
22 7 38 67 0 18 31 46 13 99 49 78 36 64 99 41 91 97 30 33 7 58 24 
29 86 65 29 65 23 18 70 45 25 61 65 78 79 96 24 44 47 25 75 83 89 26 24 32 24 54 65 31 64 
39 13 3 6 42 68 29 60 90 27 86 51 92 64 82 40 40 27 87 17 54 23 6 80 47 90 4 54 55 88 18 96 1 21 2 95 41 84 56 84 
11 94 87 55 10 70 47 2 49 86 19 3 
9 77 35 9 67 40 63 22 28 33 
20 81 7 72 76 48 8 84 84 71 78 72 26 88 94 25 42 95 12 61 50 
23 38 85 82 57 77 45 79 57 79 1 38 86 26 67 86 34 51 23 6 30 47 84 70 
41 10 13 88 74 26 38 47 17 75 30 74 53 75 6 10 6 7 1 92 33 68 31 68 19 54 26 1 1 10 24 94 20 37 82 94 15 72 42 32 99 24 
7 52 99 13 15 6 72 16 
0 
6 36 33 26 55 39 52 
9 40 62 33 86 35 22 20 81 37 
44 23 70 44 47 29 48 99 94 15 57 66 83 59 24 19 45 50 75 84 54 36 25 17 69 63 4 91 84 85 80 28 61 50 24 8 31 73 59 25 40 68 92 24 28 
16 43 73 19 70 9 73 6 34 42 75 50 46 18 34 32 99 
14 93 1 39 53 33 64 13 58 4 33 2 28 13 71 
24 86 90 94 48 15 1 82 58 28 84 4 99 18 36 50 33 81 51 24 35 36 88 0 47 
44 33 49 25 47 72 49 85 14 43 33 30 96 68 88 77 52 92 76 23 81 26 8 62 29 32 49 66 72 49 65 16 83 66 93 82 39 42 67 53 86 53 83 34 21 
23 11 25 16 87 48 49 65 56 63 47 40 13 65 12 62 30 81 97 96 74 79 35 69 
49 41 7 52 24 41 25 48 53 50 16 92 99 17 10 7 80 57 48 45 22 12 60 4 45 57 0 20 89 88 41 88 29 48 40 53 89 65 53 94 67 21 87 18 38 49 26 71 6 26 
16 80 90 76 84 36 34 36 8 75 24 49 63 53 97 55 59 
36 72 64 81 39 86 20 58 24 69 36 95 27 62 64 59 4 40 95 40 26 31 48 1 8 97 16 61 46 71 72 33 95 37 66 35 23 
38 45 99 7 81 47 86 95 11 45 99 3 40 92 82 23 40 35 31 90 4 45 36 75 17 21 23 6 39 58 81 77 55 81 36 88 80 22 35 
43 19 86 98 11 78 80 35 71 68 66 61 72 11 49 99 81 23 22 87 62 80 69 92 87 2 28 75 82 3 10 77 22 97 75 86 27 56 21 98 76 87 11 48 
1 61 
47 32 36 70 19 98 2 40 42 90 42 71 17 76 26 80 5 0 29 81 86 56 89 7 7 65 47 18 13 98 31 12 30 67 82 1 66 37 94 60 79 36 31 96 65 57 28 70 
8 57 3 44 14 92 4 21 57 
1 91 
22 49 23 35 31 90 69 84 8 6 78 69 85 67 0 34 84 10 62 6 20 20 10 
16 86 2 20 59 12 23 50 34 24 73 69 55 16 91 92 24 
47 70 93 35 37 46 21 73 8 35 80 80 7 90 96 93 92 69 4 56 92 7 91 69 32 12 76 48 3 68 73 53 91 18 40 28 64 61 54 24 96 34 4 4 24 1 49 68 
22 6 25 66 13 68 35 45 80 12 94 36 32 19 41 23 37 81 4 2 94 58 26 
40 92 31 46 68 84 48 36 58 54 13 24 19 81 12 64 62 76 10 50 8 29 91 84 67 72 88 21 66 46 99 8 90 82 7 58 66 7 94 76 13 
10 53 32 41 65 48 3 93 59 5 53 
40 96 37 7 20 25 80 38 23 80 47 13 62 6 23 81 13 70 57 78 30 10 10 71 27 10 27 72 21 32 26 62 81 63 21 1 41 2 40 16 34 
39 82 96 45 5 77 10 27 87 88 57 97 50 29 77 60 8 49 82 92 75 96 73 91 69 75 84 71 67 0 57 6 82 54 3 40 83 65 67 70 
3 25 20 55 
6 49 67 66 98 1 58 
26 97 32 69 67 59 53 90 26 5 48 84 40 54 39 80 89 4 99 60 9 76 32 64 34 81 31 
0 
31 33 11 57 82 43 78 49 54 31 92 32 89 92 16 29 98 55 61 87 11 12 99 20 89 31 84 23 12 67 76 96 
0 
37 53 35 82 32 36 36 15 28 20 56 72 36 85 70 43 98 58 6 11 57 26 52 41 10 75 5 29 3 1 82 90 7 17 72 91 53 60 
6 34 80 63 6 68 0 
29 63 51 39 69 14 48 95 66 89 57 93 95 39 97 48 21 39 55 38 64 46 43 24 5 77 57 20 36 25 
22 65 41 23 4 10 89 52 58 55 94 67 49 41 6 98 89 27 37 97 17 1 95 
11 78 0 90 87 72 26 12 97 43 5 72 
49 68 62 4 26 17 98 45 18 91 52 16 80 31 6 77 1 59 25 14 89 77 4 76 50 83 41 47 78 46 71 78 14 33 34 92 3 32 38 21 23 42 90 55 25 48 85 26 7 10 
40 49 87 97 25 89 32 66 88 10 65 60 40 31 45 74 24 48 58 62 22 33 56 64 89 81 12 26 60 71 88 0 20 75 49 98 17 81 16 57 44 
31 17 36 65 15 11 89 63 21 3 37 55 59 1 96 92 65 74 52 37 62 5 9 89 54 59 6 88 28 64 84 61 
33 20 26 48 83 15 64 5 18 1 12 29 55 60 22 20 34 26 9 96 31 71 37 86 30 44 26 58 60 10 20 45 82 98 
46 66 14 10 23 84 63 87 66 18 47 88 39 81 14 0 29 98 71 66 84 54 62 62 64 74 72 36 20 6 35 66 72 49 28 47 85 91 34 51 62 81 91 1 14 58 53 
43 56 25 10 92 79 72 54 43 47 78 32 19 84 67 37 9 68 65 56 53 8 43 5 70 24 48 23 39 6 77 34 62 2 44 54 33 69 8 28 68 86 60 87 
23 27 24 32 47 41 40 1 49 83 58 20 60 6 43 99 13 20 33 75 74 30 82 7 
1 42 
38 19 81 48 6 4 28 82 88 75 23 28 28 72 12 86 92 72 93 36 23 58 8 8 33 83 90 67 42 41 10 30 60 91 31 18 47 11 52 
35 86 75 63 67 0 27 53 44 99 98 32 74 56 41 35 42 24 25 9 66 67 71 49 79 62 80 98 9 91 50 44 29 78 60 96 
28 87 2 22 39 0 55 13 57 48 48 51 72 74 60 90 93 84 39 72 46 19 22 8 62 25 4 92 3 
14 40 33 4 42 7 43 43 62 8 52 10 57 3 34 
33 15 77 28 99 16 0 98 88 75 58 50 0 14 94 3 79 35 88 35 77 95 78 20 10 86 24 20 95 27 7 30 95 84 
8 94 52 11 44 40 86 2 43 
38 17 37 93 48 72 81 83 2 76 13 74 86 51 99 59 47 26 66 77 21 2 88 68 54 99 64 47 37 67 90 75 36 79 68 36 4 49 71 
6 77 84 80 64 35 79 
25 34 58 93 64 31 95 52 51 1 3 16 48 40 35 90 15 71 22 35 7 26 84 30 32 61 
14 64 77 1 96 52 88 54 45 52 37 92 56 89 94 
9 57 94 51 92 37 66 15 59 1 
24 85 37 4 69 50 70 85 28 71 81 32 11 87 30 63 77 22 71 18 68 30 75 15 81 
17 52 99 34 11 52 8 48 41 12 69 92 82 6 72 5 40 4 
17 27 34 32 4 57 4 74 77 86 49 92 20 68 44 71 2 7 
24 62 7 65 74 28 9 8 35 81 66 75 86 35 54 72 67 11 29 23 85 59 62 35 51 
34 55 96 5 10 55 81 72 15 99 99 43 8 7 30 90 25 57 76 60 12 0 80 75 30 55 60 41 17 47 92 51 55 40 9 
15 96 90 37 11 89 36 6 98 96 37 88 21 94 16 34 
8 16 14 85 98 21 98 39 39 
47 84 42 52 24 51 17 72 42 7 83 83 95 42 81 91 79 21 65 25 89 99 36 58 65 21 8 86 19 0 77 69 84 20 21 8 23 91 33 17 98 16 1 93 58 34 37 89 
6 2 67 97 53 3 55 
20 76 16 8 48 16 86 17 52 58 38 12 33 81 45 51 79 14 52 25 72 
36 14 14 94 16 81 44 21 36 99 43 12 67 51 12 35 89 29 87 99 20 52 33 1 97 36 33 11 40 10 36 78 24 2 73 92 83 
17 65 71 68 8 83 88 59 96 23 1 77 63 52 97 15 85 51 
12 73 36 76 13 46 64 92 70 18 17 62 53 
34 27 24 54 87 7 42 98 55 18 99 33 81 52 82 96 89 33 60 63 69 88 28 67 4 20 37 22 37 51 75 23 30 99 78 
19 59 72 68 14 90 19 99 71 23 34 19 13 19 80 28 89 20 56 8 
25 77 98 47 66 49 23 90 32 74 68 1 33 92 21 0 83 41 51 6 64 85 26 77 5 58 
7 46 78 14 54 3 43 52 
3 9 54 78 
1 38 
2 71 39 
36 64 61 38 99 54 89 5 18 75 83 48 32 41 5 78 72 71 84 75 66 37 78 28 43 56 79 81 61 51 72 99 15 85 37 66 39 
28 23 58 5 7 58 37 0 63 67 72 87 52 0 53 41 30 33 84 39 13 17 0 64 89 99 31 27 88 
49 18 18 72 28 24 79 86 13 80 2 81 4 89 85 4 94 78 35 28 14 74 41 31 26 57 72 77 40 51 65 89 70 35 13 98 59 93 85 25 25 87 58 81 28 43 86 74 73 73 
2 87 99 
45 70 25 4 42 2 96 94 19 85 64 54 51 14 66 44 99 91 21 38 1 2 66 44 40 93 69 13 95 56 64 43 26 41 47 20 43 44 14 14 81 30 21 32 97 39 
28 96 82 1 87 83 4 5 79 96 98 48 62 94 4 26 89 82 68 36 2 63 32 17 30 66 99 3 50 
46 42 31 45 24 32 32 7 88 37 38 37 88 86 99 82 90 77 23 72 97 11 74 61 44 43 43 62 95 46 64 43 88 95 88 64 80 72 23 20 62 61 57 50 47 8 84 
39 86 7 13 83 18 39 96 14 35 39 28 30 37 93 25 77 40 66 41 72 90 16 45 52 77 2 54 76 63 90 17 49 97 30 84 68 22 81 34 
7 72 63 39 10 8 16 87 
0 
32 81 25 73 49 70 77 79 24 32 55 87 74 25 88 72 7 25 92 29 6 26 38 30 41 29 92 1 46 32 54 80 13 
29 53 62 1 83 41 77 67 49 65 41 26 5 65 33 30 57 15 88 36 53 19 29 83 63 83 81 95 37 61 
10 68 15 75 69 50 68 46 17 17 63 
8 95 21 24 29 51 33 44 40 
21 97 11 3 32 74 86 13 70 75 75 82 43 42 57 64 92 26 62 9 95 78 
19 91 99 95 20 50 81 16 42 54 65 53 57 98 80 95 63 2 70 38 
34 65 32 94 29 76 20 44 37 15 22 57 58 21 4 30 23 85 46 66 92 12 71 49 62 3 97 25 57 67 16 42 33 48 36 
14 77 8 58 14 75 80 71 34 53 28 64 29 65 63 
47 57 75 70 7 37 74 56 14 31 23 30 25 8 31 13 75 8 73 33 22 49 66 46 35 71 74 51 0 39 14 47 49 41 18 56 30 44 12 45 27 87 27 5 48 58 18 23 
18 44 8 41 93 74 39 80 46 65 31 98 56 98 46 5 39 16 13 
22 12 77 67 39 17 46 44 65 5 15 88 23 59 96 16 4 23 7 84 21 72 15 
19 81 13 17 86 5 85 52 27 97 29 46 89 46 92 85 11 97 0 51 
23 11 0 41 15 23 1 51 96 25 67 15 6 32 85 45 37 70 97 16 20 26 62 9 
25 55 94 88 4 47 40 29 58 92 71 26 67 24 77 63 49 96 30 8 81 67 53 70 90 2 
37 10 28 1 71 5 56 17 94 61 64 34 90 75 26 13 53 93 37 82 8 39 79 38 47 12 6 52 82 96 54 21 58 34 23 29 40 79 
48 34 92 63 68 35 90 46 0 95 91 90 77 51 29 8 89 28 20 47 80 55 95 86 76 53 20 99 34 60 31 33 94 23 48 14 10 90 12 11 85 55 1 14 6 82 23 96 10 
45 95 42 50 91 28 79 96 48 78 83 9 61 16 55 37 16 22 47 58 34 10 43 90 11 57 96 93 32 44 55 28 92 97 78 35 25 9 31 74 88 66 35 1 34 42 
38 50 64 38 8 51 48 3 93 12 61 41 57 45 86 13 73 30 10 4 65 88 13 48 14 53 15 49 55 49 43 45 52 8 35 60 11 84 16 
4 48 29 45 5 
24 83 70 48 13 33 4 30 21 17 79 35 71 94 36 78 95 31 23 47 39 59 60 2 95 
28 6 95 57 52 0 31 35 23 31 1 56 35 31 77 5 62 64 76 8 52 6 4 83 81 3 75 92 15 
27 39 43 84 34 0 88 87 84 75 10 67 28 66 55 60 95 60 22 11 88 83 15 94 87 98 75 42 
25 20 58 3 59 1 39 94 54 79 81 38 54 43 5 83 61 60 95 56 72 69 19 60 52 34 
6 39 84 34 34 10 54 
42 13 13 45 4 7 99 83 40 89 89 83 47 72 96 59 19 52 32 89 23 92 41 57 51 33 42 85 67 52 39 11 17 52 56 21 12 56 56 4 45 45 40 
42 70 36 52 89 41 36 78 64 80 20 74 31 5 68 16 24 20 7 35 89 12 91 62 76 99 18 80 45 15 72 89 85 9 93 75 2 29 53 18 10 25 92 
43 82 60 10 6 32 69 41 73 81 33 35 57 32 5 38 29 21 62 19 6 71 64 33 25 46 87 44 8 64 88 1 47 49 63 53 33 33 95 7 14 80 94 24 
14 0 14 94 73 76 65 79 48 81 13 25 27 52 69 
35 68 58 37 15 59 0 21 44 85 68 51 52 48 98 76 12 50 90 58 23 66 75 54 66 57 19 92 84 23 13 72 92 71 9 59 
32 61 80 27 99 48 30 51 48 28 27 13 78 69 71 53 35 99 60 54 56 79 98 92 3 11 64 47 35 25 6 17 87 
37 96 86 87 27 89 36 7 68 49 38 37 72 91 24 23 51 78 79 83 76 24 86 88 88 85 75 14 91 92 53 30 89 91 18 68 80 54 
25 48 55 13 37 79 57 61 3 8 40 34 91 68 58 29 8 47 14 83 13 58 28 18 88 69 
9 6 37 41 12 64 41 67 78 78 
49 35 91 2 95 83 36 39 52 95 20 60 94 87 96 59 45 24 77 33 45 38 92 34 79 4 98 72 24 28 2 23 15 93 77 11 29 13 50 81 60 22 93 6 9 89 65 54 65 42 
40 62 32 84 96 11 88 47 35 64 75 89 39 91 35 16 54 64 30 56 45 42 78 90 49 88 80 14 94 97 9 34 12 41 18 8 5 59 7 92 75 
35 82 15 78 17 31 32 81 13 88 26 56 18 16 5 6 48 71 1 98 80 87 10 74 58 70 79 17 30 23 92 65 5 7 43 22 
41 75 3 4 15 81 60 33 50 17 92 50 41 45 0 73 32 62 47 90 85 78 59 15 2 4 80 59 63 75 82 54 50 37 11 17 71 23 2 73 41 94 
23 82 39 76 7 24 38 55 66 23 85 78 38 87 82 70 47 97 45 81 4 47 70 15 
16 41 38 19 14 31 65 90 65 57 66 73 81 4 28 99 28 
15 77 18 5 59 41 52 9 86 85 13 86 55 28 2 97 
18 73 63 50 39 53 15 96 19 40 29 76 20 28 56 86 6 74 91 
17 15 95 78 54 80 91 92 87 71 94 84 90 68 0 92 59 53 
9 7 25 0 36 1 20 16 57 58 
24 83 49 44 51 44 22 57 76 14 49 64 37 43 0 27 63 52 19 74 6 31 81 83 31 
17 84 3 86 93 62 60 76 11 56 79 8 79 36 36 45 85 52 
32 81 53 62 96 5 33 71 63 64 52 46 95 22 82 99 8 27 61 20 56 24 77 35 84 8 72 21 53 9 73 87 42 
28 49 39 84 83 62 99 47 66 98 95 88 32 94 48 60 7 21 16 31 50 51 16 58 75 37 63 37 62 
0 
29 41 0 70 77 35 84 76 82 51 26 77 39 59 23 40 19 30 61 87 14 11 38 82 21 66 71 84 55 33 
34 34 74 86 57 51 21 41 80 56 44 58 33 84 17 9 76 88 39 37 75 5 0 66 87 21 84 58 5 39 92 91 25 18 78 
34 22 51 76 54 7 72 12 93 56 82 2 84 22 93 73 98 99 73 16 38 46 0 49 3 91 41 47 16 11 25 51 85 76 79 
39 36 51 4 29 60 86 83 44 60 76 18 10 27 43 26 66 90 78 15 45 69 8 92 86 71 69 89 57 46 68 48 34 19 52 63 79 90 46 76 
1 74 
44 61 2 37 40 20 79 18 87 25 40 47 17 26 18 39 15 27 85 35 76 71 54 28 34 86 71 32 62 22 6 8 35 60 97 75 32 77 94 19 54 34 66 23 12 
37 62 79 64 99 14 92 70 20 73 56 58 44 88 72 18 47 32 53 59 30 29 92 59 75 63 13 9 82 36 73 19 51 4 35 50 18 28 
21 90 1 29 1 45 70 73 63 17 58 16 28 88 97 20 47 72 36 60 33 18 
48 58 37 99 62 24 2 32 52 75 23 53 4 76 50 74 1 13 43 59 82 72 47 79 44 46 4 80 6 89 50 7 48 87 58 10 64 60 43 16 35 18 70 40 94 72 14 95 86 
10 55 20 82 54 51 26 1 55 59 59 
45 9 18 93 49 77 55 13 37 98 81 73 16 3 65 62 76 31 58 62 41 65 34 75 71 85 54 24 93 13 36 90 74 54 35 75 31 90 40 21 89 22 46 57 25 63 
22 1 94 82 15 88 99 49 63 70 35 17 47 80 82 83 70 9 37 5 84 21 95 
27 94 36 99 40 46 24 3 18 78 49 52 93 37 51 43 53 73 30 22 20 10 57 3 32 66 93 37 
2 66 84 
29 60 73 30 52 71 7 7 41 85 56 93 78 46 44 73 51 17 55 73 90 65 30 45 49 48 38 86 3 56 
23 34 68 48 65 20 19 24 79 60 9 88 5 39 86 49 13 37 18 68 10 60 86 93 
6 35 93 96 74 96 53 
49 31 73 97 48 46 16 72 25 28 33 13 33 72 99 34 37 88 52 6 51 65 44 44 71 31 89 67 5 86 72 54 69 46 3 69 92 19 41 17 99 74 83 32 98 34 66 36 75 71 
44 26 36 38 22 7 69 11 26 27 97 99 33 18 97 37 87 89 8 28 58 8 54 93 92 5 80 59 41 55 82 35 81 70 25 3 29 94 14 55 73 64 6 7 82 
3 44 70 44 
4 50 55 12 57 
0 
7 62 80 68 55 87 50 42 
18 20 67 23 49 13 90 56 87 54 63 94 36 18 90 58 15 94 9 
22 59 66 22 68 80 3 36 35 90 38 77 11 58 96 34 59 9 24 67 96 30 82 
42 67 1 84 77 68 31 86 90 42 4 12 10 84 67 46 19 10 84 48 21 94 44 7 5 54 84 72 2 14 55 97 33 8 81 11 76 64 97 18 6 2 30 
16 38 50 14 10 60 50 58 81 96 3 40 1 9 24 26 11 
41 33 60 24 41 94 35 69 58 85 87 65 39 69 33 29 19 0 39 31 50 98 64 47 1 5 0 10 81 26 73 72 59 34 49 52 28 84 73 38 21 12 
3 12 82 89 
42 53 89 81 85 39 31 49 38 84 6 39 46 88 65 20 12 77 6 61 29 86 98 3 24 71 15 80 84 49 69 78 55 10 11 92 1 43 93 40 27 0 79 
24 40 96 46 52 73 52 14 55 90 12 10 14 83 25 46 19 27 67 97 82 77 61 74 79 
4 67 71 83 19 
2 57 59 
0 
3 64 76 7 
28 31 97 42 41 64 77 18 62 49 97 30 98 31 7 59 5 38 63 25 9 47 44 63 56 56 14 12 20 
40 71 50 21 21 44 14 85 21 84 47 22 82 29 21 13 37 80 71 27 96 48 37 95 92 0 3 0 14 15 20 4 87 22 77 8 66 43 45 88 28 
44 62 62 74 83 27 63 16 50 90 64 98 27 59 43 80 14 43 46 30 16 3 69 38 32 29 5 76 26 45 56 70 7 70 96 43 97 59 59 0 50 23 98 29 34 
43 9 48 89 8 30 5 63 51 95 95 32 0 23 58 97 79 29 5 1 25 48 51 37 59 51 87 34 1 16 68 95 78 68 84 38 51 41 1 54 36 96 87 37 
22 45 86 51 26 91 5 4 91 56 41 50 7 80 84 8 96 4 55 26 25 91 64 
28 32 65 82 69 14 69 58 86 67 44 89 45 88 94 49 31 2 42 34 9 22 70 70 71 75 25 97 52 
17 14 80 1 31 62 22 97 84 32 35 51 29 77 48 17 23 50 
0 
26 92 34 35 67 5 5 90 80 83 39 32 52 53 64 53 37 26 28 34 62 60 70 65 89 47 14 
8 70 64 59 48 8 93 84 75 
48 41 17 30 76 57 14 28 10 78 34 99 57 62 34 19 74 56 85 16 3 51 74 25 15 85 74 23 31 10 51 81 51 68 12 80 25 78 8 88 9 94 39 66 8 73 37 83 29 
24 99 84 25 25 62 92 63 36 68 94 98 71 75 1 39 39 81 17 18 42 57 27 36 96 
45 45 22 34 80 51 61 31 88 86 8 50 31 71 38 99 17 36 70 93 37 61 84 71 30 54 13 39 33 1 36 30 46 10 65 78 61 26 9 1 64 18 51 95 41 89 
46 59 77 68 4 67 82 88 38 12 95 3 52 28 4 40 59 3 50 24 81 63 2 91 65 66 61 68 14 2 10 12 61 87 33 65 6 15 6 96 79 1 99 31 29 56 23 
40 59 73 64 40 89 18 83 54 37 44 74 51 47 84 15 60 24 48 78 30 15 36 27 95 37 78 78 18 34 2 11 93 27 27 34 16 46 69 22 83 
14 97 86 13 81 1 73 57 2 3 88 17 39 15 64 
26 45 43 47 80 45 58 73 72 85 59 89 83 29 11 66 43 60 52 8 94 6 81 51 60 85 39 
29 76 6 94 5 52 37 52 84 82 62 57 6 99 69 95 83 98 59 49 93 71 54 1 65 12 34 69 72 71 
10 1 48 19 47 53 71 84 57 7 18 
19 64 25 70 33 72 53 83 83 55 76 7 61 29 72 73 64 93 97 87 
4 50 35 73 98 
40 96 82 97 3 53 68 19 78 39 53 2 44 88 38 51 65 45 12 94 17 37 10 63 34 98 17 85 85 90 35 26 86 69 75 89 22 96 60 52 87 
13 7 31 54 45 35 19 90 47 65 59 85 28 22 
21 78 39 8 63 29 43 41 67 13 17 8 87 65 69 40 52 34 47 35 88 92 
20 59 34 18 77 93 55 5 16 26 83 7 35 98 89 30 40 56 43 9 17 
31 74 86 23 78 72 70 13 13 14 84 72 48 54 49 41 61 6 9 39 41 17 26 40 6 57 80 14 52 41 31 35 
15 69 58 45 94 80 58 7 94 94 31 42 0 33 36 13 
39 45 53 81 14 79 73 72 88 53 87 41 46 70 76 13 92 87 58 38 67 68 97 62 63 28 56 15 13 44 29 5 42 34 38 56 65 11 29 54 
16 68 47 62 90 75 75 34 62 33 72 30 1 69 44 16 50 
2 84 63 
47 65 20 39 99 58 95 64 69 76 70 85 96 17 47 87 93 22 73 7 55 46 37 9 67 33 25 69 86 9 33 83 74 53 22 25 64 69 42 33 46 12 71 94 82 18 81 27 
43 55 34 0 53 24 9 20 9 87 42 95 48 27 30 75 32 52 0 96 74 94 30 72 7 1 66 41 71 48 68 64 55 54 65 8 78 26 80 40 13 74 35 14 
1 66 
39 34 70 41 30 44 36 12 16 95 65 83 36 37 83 4 53 38 10 18 98 41 97 30 81 62 5 16 76 6 34 65 40 5 59 23 1 95 35 18 
40 1 53 26 90 36 82 43 26 92 62 24 33 11 6 66 73 11 83 50 70 69 67 62 74 26 85 28 21 21 46 63 74 51 41 64 87 23 7 65 68 
21 89 53 32 47 20 6 59 55 8 81 24 75 43 51 2 29 79 75 2 77 39 
26 28 80 40 67 56 99 32 24 21 73 29 5 20 1 11 31 56 71 12 33 47 8 36 1 37 15 
26 39 44 67 67 24 0 7 43 56 6 75 32 79 0 61 85 72 63 48 56 71 20 20 56 67 28 
42 20 65 59 96 56 3 16 23 79 16 82 22 72 41 49 56 20 1 17 57 74 32 6 30 56 78 50 12 45 31 5 17 96 64 65 5 20 81 28 99 97 11 
24 21 52 23 29 24 25 99 34 51 31 40 33 39 18 83 52 15 14 9 32 63 25 49 68 
47 31 96 49 80 59 23 54 63 98 83 40 75 82 74 26 66 66 59 57 84 95 61 51 61 70 35 24 48 84 44 45 67 93 94 48 4 69 54 68 68 37 60 95 72 34 22 90 
0 
33 47 36 28 9 39 42 31 26 66 79 10 63 77 30 56 23 78 60 93 84 80 13 73 40 8 45 26 82 87 78 16 87 66 
46 48 57 38 79 83 57 11 94 20 88 24 28 63 54 88 56 38 21 21 63 13 30 61 40 64 48 70 80 35 89 29 83 46 67 15 30 24 78 76 96 18 0 24 81 6 65 
38 96 38 59 59 51 41 72 43 6 21 66 38 8 55 67 44 1 87 11 31 63 89 7 60 7 59 36 88 17 53 78 13 91 90 25 95 83 97 
38 89 70 56 80 31 11 99 27 13 86 38 96 50 27 4 62 86 15 50 26 33 4 5 98 47 95 23 94 78 73 33 20 95 41 52 78 53 51 
5 18 90 43 14 92 
22 18 54 60 34 56 87 19 12 92 17 12 39 93 6 69 66 91 41 13 33 93 92 
36 45 97 4 87 93 70 79 67 41 33 28 75 41 15 94 54 59 63 66 50 56 24 71 74 16 13 88 49 58 32 87 55 81 43 42 74 
13 21 94 54 6 22 81 48 89 27 54 0 91 72 
2 47 96 
23 74 12 38 62 13 97 46 0 52 27 43 95 54 9 68 48 63 75 70 97 23 11 24 
29 63 67 1 65 67 49 38 41 62 77 55 27 74 1 28 78 28 23 25 82 32 94 30 48 69 52 45 44 15 
21 73 78 89 26 43 56 75 82 49 89 11 4 17 37 5 45 15 33 68 93 68 
3 87 98 1 
8 3 46 52 18 19 77 97 8 
3 40 16 30 
24 17 20 37 21 37 74 26 34 42 12 54 35 80 59 74 30 60 82 33 58 34 52 78 63 
49 38 66 41 7 48 16 24 68 53 98 57 80 76 43 22 88 50 9 20 9 83 51 70 17 84 80 3 36 10 66 37 1 84 79 8 32 47 84 1 0 34 10 80 11 54 54 51 4 15 
22 13 98 23 35 15 59 16 18 96 78 36 85 79 20 64 39 53 11 76 6 64 10 
16 96 73 70 3 25 74 18 97 40 69 72 75 84 31 43 55 
29 74 43 65 53 64 29 93 17 93 69 23 57 31 91 5 5 62 8 30 88 27 79 80 96 51 8 32 34 51 
39 14 77 83 79 31 47 60 76 16 5 97 91 62 28 82 20 85 96 28 67 85 55 46 65 51 49 73 36 84 77 75 98 6 58 29 37 57 41 13 
25 47 62 68 61 91 3 81 28 99 10 96 36 17 42 54 69 92 79 57 28 8 32 78 15 43 
7 52 52 0 18 30 47 80 
48 61 23 1 42 52 53 4 0 89 22 42 43 43 86 23 0 66 83 32 44 98 27 3 51 80 4 21 10 3 53 8 64 77 62 7 81 15 63 81 56 85 75 0 28 14 75 28 80 
8 61 77 57 88 80 60 20 36 
33 30 40 86 91 4 15 53 63 48 20 79 81 76 64 9 28 93 23 3 21 55 14 34 84 23 75 65 35 95 53 68 78 93 
6 69 50 22 74 65 22 
46 44 4 74 9 13 3 54 88 58 75 43 72 62 80 47 89 45 82 84 98 2 14 44 9 83 46 31 9 11 5 7 8 9 82 17 22 85 23 62 43 98 58 68 12 38 15 
1 35 
0 
38 85 52 52 29 61 88 75 44 49 39 50 57 47 11 39 16 86 76 39 48 71 89 6 39 2 44 7 55 79 57 93 65 61 98 46 75 86 74 
19 87 13 21 44 60 33 35 76 19 11 15 67 83 56 26 74 58 70 81 
16 2 90 59 19 52 9 65 79 47 91 98 35 4 72 31 16 
5 67 92 76 30 59 
43 65 16 69 40 26 92 73 92 46 16 4 65 20 13 82 99 13 74 49 48 30 21 79 47 26 98 91 2 81 51 98 46 19 19 38 97 63 64 90 9 80 46 26 
2 11 61 
1 24 
37 52 24 17 74 4 64 52 54 56 7 35 59 57 34 30 76 72 27 92 88 69 1 20 67 80 72 79 41 75 3 28 28 28 97 54 84 62 
6 90 70 13 26 29 22 
12 11 99 84 38 43 25 60 44 45 27 76 70 
8 69 45 14 97 25 94 95 79 
28 9 38 68 79 3 46 60 26 58 71 25 95 61 68 20 73 64 17 1 93 87 11 62 33 25 12 10 19 
7 90 97 68 28 18 47 31 
16 59 57 75 82 34 22 43 54 94 69 71 11 22 64 99 33 
26 84 59 90 94 78 97 36 28 17 16 98 16 48 14 75 57 41 57 44 15 53 50 9 22 21 73 
44 37 72 29 16 8 88 6 2 19 56 39 47 73 55 97 90 55 63 17 65 57 75 9 72 80 59 34 54 33 7 98 22 31 27 38 39 68 97 41 87 53 32 86 78 
40 83 20 47 98 38 12 55 65 73 80 45 85 66 99 18 73 49 92 4 28 31 95 96 80 36 35 33 21 21 63 13 56 84 12 55 22 25 62 87 50 
44 32 35 60 83 5 85 32 98 41 12 81 36 9 61 25 44 46 98 18 9 63 74 93 75 81 15 0 96 54 3 42 38 90 55 21 48 40 5 98 34 18 79 22 79 
42 47 75 90 97 45 99 60 72 45 36 5 60 88 1 67 91 96 5 34 51 79 82 43 84 80 77 54 59 0 85 3 99 13 93 97 58 44 9 30 89 45 36 
2 86 89 
19 29 85 74 63 36 53 45 80 90 25 57 96 36 9 34 39 61 47 84 
8 5 29 19 88 18 17 24 20 
3 13 89 32 
1 16 
46 87 69 41 19 11 19 29 8 55 38 94 47 99 41 83 9 98 12 29 86 83 98 62 55 1 76 97 33 79 13 81 66 34 75 38 98 94 67 58 1 5 52 0 57 93 84 
18 91 48 99 30 83 97 92 39 98 20 36 84 99 1 17 18 35 92 
6 33 38 23 91 92 80 
45 92 89 88 28 8 32 77 7 62 60 5 54 51 55 75 87 91 74 88 9 92 76 1 0 61 92 23 5 84 56 0 28 45 41 9 5 73 86 13 35 98 70 41 50 77 
16 89 69 43 30 78 87 6 31 88 19 75 63 24 11 19 77 
40 17 18 49 22 43 87 35 78 37 57 19 87 35 88 29 56 31 59 34 18 17 17 58 36 93 22 13 4 41 42 96 58 60 45 81 3 84 68 33 22 
28 4 61 65 92 90 21 23 49 55 94 66 72 52 3 65 74 68 22 68 10 18 78 22 64 59 77 0 80 
10 22 10 14 36 75 7 26 96 82 76 
3 28 94 75 
31 49 93 7 17 15 75 79 33 54 1 49 65 78 2 97 40 76 7 55 12 82 14 39 78 48 67 81 77 13 9 58 
13 54 65 32 69 93 64 54 47 65 56 64 96 58 
12 36 34 69 43 47 52 57 38 82 6 5 64 
33 70 25 93 33 79 10 18 0 3 82 54 2 99 62 67 95 20 81 84 55 50 27 54 54 37 92 37 95 49 53 30 19 30 
23 5 9 33 23 9 89 5 15 91 4 78 10 52 50 91 36 5 94 63 11 0 52 3 
37 47 4 42 77 76 72 52 81 33 86 56 94 27 13 62 70 69 92 33 21 42 76 9 0 70 25 11 71 77 67 60 25 71 55 54 47 79 
7 80 65 45 36 59 72 49 
21 42 19 13 75 92 56 4 2 8 74 27 19 97 4 86 10 81 10 17 36 57 
46 43 90 61 88 26 73 60 28 46 54 47 12 82 91 20 86 93 28 12 20 47 62 77 34 24 58 44 41 46 53 89 89 43 3 29 22 28 89 50 74 96 49 86 30 40 6 
16 34 34 80 6 82 94 35 68 18 94 64 11 92 69 53 82 
15 8 11 87 36 53 37 10 1 38 49 31 78 55 99 12 
42 31 71 76 26 6 96 96 0 12 60 45 81 65 27 98 73 90 85 9 95 74 71 96 12 20 79 43 28 78 55 70 10 26 98 88 33 94 36 85 6 96 30 
39 61 9 38 34 52 75 95 47 2 19 96 66 91 75 9 71 6 65 93 68 43 91 8 28 85 44 66 43 41 96 83 54 58 21 41 62 48 88 61 
0 
7 57 17 51 85 26 22 43 
43 16 63 39 7 71 67 45 15 33 88 8 82 23 63 92 96 4 54 45 92 15 95 52 25 64 3 62 43 77 57 86 93 20 77 53 91 45 50 6 78 90 15 12 
14 30 4 10 34 10 7 78 26 55 82 3 19 85 65 
14 63 74 53 8 94 30 61 85 75 63 43 6 54 10 
18 68 40 75 30 26 85 38 57 63 93 39 66 64 77 83 79 92 57 
32 0 51 62 14 88 38 77 32 96 31 94 66 51 35 41 82 13 27 20 70 42 65 62 9 29 39 44 8 31 2 40 83 
5 3 97 94 93 75 
28 41 58 72 7 10 59 1 44 73 80 64 95 22 29 57 31 10 48 28 19 31 82 59 15 87 14 12 33 
9 39 63 0 50 36 60 60 47 61 
6 20 41 72 68 63 53 
27 47 63 26 27 82 57 9 94 24 96 8 37 82 20 76 45 20 78 33 32 38 81 93 46 53 86 18 
21 2 71 51 1 35 77 28 17 86 37 11 11 85 72 0 67 92 28 65 64 7 
48 97 97 79 42 44 85 29 62 6 83 34 9 84 69 38 12 38 25 1 50 88 86 74 40 6 66 68 71 30 27 21 79 25 53 22 21 38 3 83 96 86 69 6 70 90 44 34 29 
21 87 31 61 25 5 1 31 23 22 54 53 49 76 33 26 81 7 47 19 10 83 
17 96 52 73 18 43 70 4 24 91 91 55 53 16 12 6 0 35 
28 6 88 30 82 73 8 15 80 56 34 90 91 2 38 43 27 56 38 97 60 62 41 3 17 94 72 29 52 
22 64 33 78 5 15 13 78 23 28 11 31 15 53 22 69 92 66 96 48 4 46 61 
17 87 64 36 33 36 18 85 60 82 70 91 39 85 56 70 9 36 
31 40 51 34 15 20 26 81 69 27 37 15 88 56 2 4 93 87 93 63 72 53 45 43 96 37 80 52 7 89 89 88 
32 92 74 97 65 1 30 34 80 67 1 68 76 55 72 21 42 65 84 66 71 81 61 67 18 42 72 25 31 13 65 65 5 
40 14 22 93 44 8 73 64 9 93 92 16 65 13 10 83 97 77 54 30 38 73 49 80 97 26 64 10 92 81 68 84 96 42 29 92 51 54 56 12 47 
48 29 64 13 39 47 62 68 53 93 7 79 42 39 76 68 3 39 12 85 59 48 33 1 77 25 52 31 34 65 78 34 46 95 48 37 94 10 6 48 3 13 79 97 52 7 18 8 46 
30 45 5 79 78 7 8 55 11 40 89 28 70 24 74 65 24 12 60 86 70 60 90 83 39 39 87 46 57 95 45 
40 40 2 19 70 9 79 26 73 19 15 1 42 91 28 7 67 92 19 54 62 79 96 45 70 35 84 69 45 80 14 85 72 16 56 95 78 35 21 3 7 
38 4 49 32 84 8 99 76 28 5 38 59 1 35 30 89 20 99 86 52 65 71 76 33 79 71 63 14 92 66 73 81 23 22 13 7 31 64 84 
11 70 74 70 23 10 0 64 30 51 50 34 
18 73 10 2 52 82 17 67 74 84 40 7 59 15 72 18 98 37 2 
9 59 29 79 82 39 32 47 21 35 
49 55 4 23 65 58 75 99 75 94 74 11 35 33 70 2 6 41 0 95 95 9 54 24 40 88 63 72 87 36 8 37 91 12 60 9 70 35 8 97 30 34 9 17 20 31 19 78 72 71 
23 68 80 79 44 20 67 60 45 55 96 53 92 88 17 4 49 39 39 9 36 21 44 97 
38 64 81 9 94 5 80 67 73 12 46 70 33 65 30 30 72 26 83 16 66 52 20 67 91 12 77 79 33 21 77 24 37 58 33 31 63 66 50 
39 78 48 11 63 65 41 93 38 19 28 54 86 80 27 53 71 39 82 3 24 55 80 48 44 90 34 27 5 0 77 46 30 77 57 94 43 50 39 33 
20 68 39 8 48 66 13 72 57 96 75 34 51 7 82 96 97 68 23 54 20 
3 53 51 30 
12 97 73 65 36 58 35 4 98 95 5 64 8 
27 74 56 52 8 60 59 42 56 8 11 31 14 83 84 67 86 67 82 35 92 47 72 51 34 28 49 29 
33 65 89 10 39 98 14 47 58 73 90 66 33 53 97 48 88 34 67 75 1 49 10 45 48 34 96 82 15 45 63 48 11 5 
11 50 3 25 50 61 51 92 79 84 97 76 
32 85 62 52 12 15 53 23 61 2 9 57 84 24 55 0 25 66 5 36 68 8 13 18 21 64 62 0 1 59 28 85 97 
41 37 9 58 91 84 19 93 94 29 29 70 84 29 95 50 34 83 70 94 97 41 15 13 3 15 66 15 96 52 12 39 41 21 97 32 6 69 77 52 98 59 
22 82 88 18 84 75 1 54 69 50 95 37 16 51 4 82 66 0 86 30 91 28 51 
39 12 9 58 90 61 8 1 36 90 89 54 26 16 7 32 38 10 28 75 78 31 31 60 97 84 47 27 75 27 30 64 39 92 74 29 53 34 30 41 
24 72 95 2 40 55 35 30 17 15 5 95 46 89 7 95 73 6 74 48 33 4 65 73 96 
39 54 2 74 37 43 50 9 91 5 1 98 40 32 67 55 89 14 53 78 21 48 51 80 22 52 13 78 17 38 27 8 93 81 34 30 24 85 91 67 
40 92 17 82 76 84 89 66 50 42 96 72 90 48 52 64 52 17 42 69 56 21 77 1 2 12 31 79 49 74 46 91 18 16 25 95 52 14 61 3 56 
7 27 98 57 31 14 9 48 
8 30 56 30 60 57 32 24 40 
11 73 66 10 16 85 78 41 80 30 7 93 
33 15 2 60 65 12 91 79 73 92 87 4 0 69 16 10 2 40 50 65 65 69 27 81 54 5 74 86 88 81 79 73 48 33 
34 13 45 77 92 19 21 31 23 22 1 39 32 55 31 34 20 96 3 48 29 9 5 3 95 93 36 26 67 84 60 53 49 5 82 
43 76 56 24 51 30 77 42 62 32 73 48 53 69 4 53 98 65 10 53 61 56 41 39 75 77 99 28 26 57 62 19 33 18 96 85 48 73 27 62 6 53 63 11 
22 19 16 73 84 26 78 97 34 20 89 9 97 40 37 24 97 52 95 83 22 91 20 
23 65 99 37 23 52 0 34 27 71 2 52 56 80 30 5 15 50 94 24 0 35 14 24 
34 66 71 19 88 63 39 63 80 91 1 3 95 1 89 22 25 91 26 33 71 57 38 86 59 85 11 59 20 25 35 56 43 7 76 
33 22 67 47 2 58 48 5 54 1 94 28 26 85 7 11 56 64 50 95 75 35 6 87 7 83 22 63 78 81 91 61 3 59 
10 5 69 60 62 23 62 56 4 40 93 
11 52 50 27 54 97 54 41 3 41 48 38 
16 63 16 97 7 77 53 66 90 58 35 50 73 11 12 29 15 
5 23 78 9 25 57 
13 22 11 4 77 5 4 15 73 19 31 70 26 60 
25 44 50 86 80 1 59 43 65 88 58 22 63 88 31 40 97 46 14 60 2 91 65 58 58 38 
28 41 61 56 2 36 1 4 74 33 57 33 76 75 74 86 97 37 26 29 78 23 27 44 83 30 36 1 88 
44 91 18 88 4 27 90 93 28 46 67 13 4 1 89 79 75 75 28 64 1 9 94 76 37 39 59 19 75 12 59 21 4 30 9 60 57 51 53 37 50 21 50 54 74 
39 85 49 66 65 65 19 75 60 95 64 99 6 83 26 19 94 47 75 24 9 35 81 12 89 18 62 62 20 68 36 59 5 85 77 71 2 96 46 62 
41 62 61 98 45 39 69 39 39 44 16 48 79 97 60 20 68 23 82 88 43 18 0 49 55 29 20 58 26 18 20 69 80 34 67 77 73 36 68 64 32 84 
12 64 34 25 84 2 0 67 42 43 37 94 92 
43 76 64 3 2 82 75 71 14 61 91 91 87 79 60 51 12 44 16 76 30 41 12 84 93 79 79 36 69 73 81 62 49 97 17 3 80 92 75 46 54 18 38 93 
47 98 44 61 94 60 37 25 53 50 9 46 81 88 35 50 14 68 64 15 65 81 71 97 26 98 44 32 16 82 25 13 32 69 27 78 82 64 55 35 66 17 82 0 57 17 50 23 
35 67 39 2 0 10 0 26 60 44 10 76 78 35 41 62 57 68 40 39 85 48 74 3 65 8 3 74 77 6 98 14 73 89 17 25 
1 69 
4 11 13 14 87 
43 2 80 5 59 49 97 50 86 97 76 89 62 85 93 37 62 99 87 29 24 76 46 1 27 15 5 38 80 72 77 23 74 57 80 85 6 29 87 44 27 63 34 41 
0 
29 30 15 30 17 44 54 93 90 7 72 57 13 10 37 85 87 12 11 45 44 96 3 25 83 48 52 98 82 46 
49 61 28 14 43 46 10 97 91 0 4 64 9 69 26 46 6 14 10 17 11 54 13 14 79 48 14 84 99 48 82 98 61 10 64 4 8 74 53 52 26 10 16 35 79 94 33 86 8 43 
5 71 97 69 38 28 
19 52 64 68 1 46 18 14 57 34 19 17 8 72 69 34 82 37 21 14 
32 54 52 92 97 7 64 46 28 2 27 50 6 91 70 59 38 89 74 47 23 93 16 84 17 86 70 52 75 92 18 7 98 
20 52 96 77 16 94 58 70 21 8 28 13 78 88 3 67 62 2 43 7 18 
27 76 56 49 80 32 41 98 91 40 20 43 88 50 11 82 8 33 56 16 62 21 46 50 24 66 64 78 
9 23 48 88 99 5 37 80 89 31 
30 80 23 51 24 63 1 87 97 9 21 53 77 83 74 23 85 50 89 49 80 50 24 29 38 23 86 28 55 75 11 
36 55 86 89 31 49 90 71 46 51 92 52 28 27 26 3 64 29 93 65 9 95 89 90 86 64 76 14 20 3 77 58 11 63 47 42 12 
39 65 10 40 9 62 20 88 41 23 52 22 68 69 83 64 58 74 50 75 50 16 95 6 45 5 17 8 4 11 72 93 77 82 85 86 97 57 27 38 
30 79 60 1 1 43 17 59 69 19 34 72 35 81 78 32 38 95 40 42 6 12 87 83 46 24 22 43 81 49 33 
12 80 45 15 81 41 32 93 10 51 79 82 38 
13 60 70 51 7 62 46 14 26 33 49 72 58 71 
18 39 72 53 53 53 99 20 34 92 52 79 2 55 59 37 45 72 49 
17 23 57 29 69 23 55 55 72 80 65 44 0 56 68 5 62 21 
4 82 8 96 35 
37 51 42 46 88 88 18 37 55 94 46 37 15 69 92 22 42 24 87 38 76 96 6 82 58 80 38 40 88 87 27 27 38 22 74 78 10 44 
17 17 38 14 54 6 83 99 28 77 75 68 15 52 64 74 34 74 
4 24 66 94 11 
44 21 49 16 47 79 78 92 47 47 82 13 2 40 96 53 69 26 28 89 93 80 5 67 66 79 73 91 45 67 2 91 41 4 59 88 83 37 32 82 85 67 95 39 7 
44 92 28 70 20 69 63 53 74 83 19 53 56 62 51 76 65 94 69 21 54 57 56 43 42 39 80 61 86 19 20 30 63 1 52 36 70 68 89 45 51 60 50 59 23 
3 35 40 48 
4 61 2 14 17 
47 8 56 78 69 95 97 89 25 13 90 78 49 13 98 38 58 49 50 60 8 73 14 96 13 14 52 26 68 18 44 65 26 52 43 47 47 93 89 25 6 31 55 55 44 53 45 54 
2 47 15 
12 73 81 10 86 95 63 65 15 33 9 80 60 
11 24 59 61 17 0 86 75 32 41 82 76 
44 27 83 48 26 50 10 99 31 21 38 78 36 3 93 69 12 25 81 25 49 93 38 18 93 24 93 25 17 75 54 63 54 37 11 33 39 74 32 70 47 70 0 83 73 
45 52 37 70 86 15 72 79 53 90 72 30 36 50 47 63 4 11 70 93 74 3 32 48 35 54 95 58 6 30 31 51 83 21 73 21 36 97 0 89 40 24 19 76 74 19 
41 30 82 61 23 56 16 55 57 52 61 52 62 67 83 93 70 18 66 96 91 2 93 43 44 33 67 63 61 94 34 5 24 16 66 48 73 35 55 30 87 17 
34 1 36 69 46 7 39 13 3 82 15 48 25 59 34 93 75 95 87 9 0 11 26 19 11 51 54 19 33 93 88 67 94 24 89 
40 83 80 53 38 63 21 87 88 80 21 33 7 68 72 17 21 36 43 92 99 46 46 18 79 91 6 98 37 31 87 77 66 20 83 5 83 56 92 23 88 
15 9 96 33 33 13 6 69 8 98 69 54 44 39 85 87 
46 83 24 29 23 54 95 43 89 0 78 45 44 53 33 9 62 81 95 96 46 1 17 54 0 38 60 96 78 45 84 76 81 60 57 4 66 52 47 55 5 77 52 1 30 38 11 
45 19 6 93 66 59 10 72 59 1 33 56 79 30 92 7 11 4 64 15 71 68 14 26 25 91 79 27 74 69 38 19 88 96 12 54 55 74 27 67 75 12 75 6 94 67 
13 58 23 77 73 94 98 40 73 23 83 4 50 57 
23 40 76 61 88 40 68 96 15 47 15 90 59 90 97 5 9 62 63 32 92 89 27 90 
29 0 65 64 4 68 22 29 8 50 90 49 91 58 97 58 5 12 0 16 2 49 74 63 12 37 95 56 26 74 
46 55 26 11 72 82 79 94 11 40 96 2 41 39 12 38 97 70 2 50 38 56 99 12 19 63 50 66 19 28 41 17 36 19 29 8 2 60 2 13 52 98 67 93 90 32 83 
37 2 85 37 92 41 89 5 60 4 7 79 24 35 20 41 71 39 22 79 93 35 33 7 87 84 26 81 74 58 16 13 12 2 3 5 95 92 
12 56 96 21 87 72 8 7 66 32 98 40 63 
42 75 97 51 63 33 29 96 7 88 12 20 52 66 23 9 62 67 23 70 16 44 57 40 5 16 6 37 14 47 0 58 22 49 61 37 82 91 85 89 31 50 62 
33 16 37 93 30 5 16 0 73 13 9 13 18 25 20 7 92 19 59 2 93 9 64 31 91 7 68 33 38 18 95 21 35 84 
16 17 89 83 70 62 48 79 76 18 57 48 77 1 67 36 3 
12 45 19 43 89 26 12 74 16 82 21 38 69 
5 4 87 95 39 57 
9 39 36 37 57 45 37 34 46 56 
21 2 69 68 73 64 9 0 28 83 68 11 4 6 80 10 63 67 57 54 76 18 
44 65 56 51 10 93 38 9 2 9 11 71 29 84 35 39 36 64 22 5 27 79 63 7 41 78 27 98 33 3 16 27 68 24 78 31 70 16 40 72 77 3 43 7 87 
30 98 76 46 72 33 73 51 48 33 92 27 12 42 60 15 11 87 36 35 17 19 5 86 59 29 63 62 24 22 1 
5 20 29 1 45 14 
27 96 63 60 41 90 72 35 50 39 46 37 27 82 6 46 39 92 5 21 56 19 45 30 73 0 3 54 
4 48 69 81 96 
32 93 89 22 17 25 24 56 71 13 84 5 19 82 97 12 40 18 20 11 63 50 84 16 5 91 70 5 60 3 2 44 96 
43 66 13 68 90 21 92 3 57 97 74 40 94 86 80 64 58 91 28 61 28 44 66 19 66 72 79 69 26 23 17 69 41 30 90 83 3 82 38 61 31 12 1 78 
1 33 
42 9 24 22 70 52 66 37 71 84 61 2 53 87 77 70 8 18 52 98 53 8 32 91 69 64 56 22 94 7 55 36 16 79 59 87 84 77 76 7 62 37 10 
17 76 39 90 36 10 94 87 63 2 19 7 71 35 63 93 29 70 
48 18 86 80 29 25 64 6 53 71 20 90 33 40 18 25 30 55 35 24 42 98 27 13 5 50 49 68 44 30 90 44 48 77 24 29 54 40 36 8 64 8 50 49 48 21 74 78 76 
11 55 70 60 82 35 17 84 84 38 28 67 
30 25 67 9 1 97 64 42 85 24 58 93 74 7 94 95 34 24 23 95 79 45 7 13 81 77 98 17 67 78 84 
47 55 52 57 57 1 21 51 86 45 9 31 71 68 25 67 54 2 42 50 81 88 9 47 69 86 97 38 53 27 23 53 83 27 10 40 28 83 91 66 80 52 97 3 72 75 22 27 
27 65 29 10 5 38 57 74 25 6 64 30 34 87 35 17 66 97 57 46 80 0 12 12 52 62 16 24 
39 38 3 66 55 32 28 60 71 86 86 48 44 51 30 78 90 66 95 57 63 4 3 96 4 68 60 8 82 76 85 71 67 88 37 22 21 65 83 44 
3 69 92 48 
22 22 78 63 40 26 20 56 30 75 4 87 43 64 47 25 41 32 48 60 73 85 82 
46 3 17 90 58 39 34 6 11 56 37 74 49 63 46 5 93 74 61 32 17 25 80 95 18 64 95 78 37 81 13 35 36 30 25 94 21 59 53 85 68 90 59 69 53 58 26 
48 32 87 31 1 12 11 48 31 75 44 9 65 77 22 0 13 5 78 7 78 37 60 63 57 50 75 26 55 33 52 54 17 39 85 18 52 48 19 35 23 63 96 40 40 71 93 5 76 
21 12 54 60 25 18 18 27 45 44 83 78 49 37 95 88 74 65 92 22 84 79 
47 99 76 90 91 47 83 96 75 54 61 81 14 86 51 84 65 96 29 48 26 30 37 21 70 63 39 15 85 75 94 35 75 70 25 18 69 8 15 44 14 28 26 80 66 77 65 31 
26 46 32 52 76 21 26 46 85 65 13 22 92 8 57 67 30 34 38 0 94 53 96 8 81 74 89 
49 4 6 30 30 4 14 82 80 36 8 78 73 25 92 95 18 52 5 37 82 39 75 34 34 80 31 94 13 5 35 12 9 41 95 91 45 9 74 77 45 34 8 18 12 52 66 82 4 71 
19 38 62 47 73 48 79 56 43 93 13 78 57 75 72 52 66 17 14 92 
47 59 79 55 30 91 59 96 73 63 19 44 53 81 43 78 30 23 34 73 68 48 3 77 23 75 30 41 45 44 34 44 55 13 51 37 56 10 33 81 25 52 25 78 86 21 57 16 
44 91 41 64 91 96 41 66 72 23 8 69 19 94 13 75 7 64 12 15 26 98 96 51 2 73 29 88 46 38 56 90 82 49 6 73 46 48 40 70 23 0 39 43 94 
4 70 53 20 34 
20 46 32 16 49 87 41 78 27 88 69 84 30 51 85 37 24 31 37 16 1 
10 68 92 3 62 48 25 67 68 60 87 
16 44 55 15 31 97 46 59 37 15 95 67 66 80 56 42 64 
45 59 65 6 27 10 61 42 58 87 61 79 47 49 45 91 4 13 75 53 59 34 90 74 81 10 92 61 18 34 25 64 45 43 22 25 53 83 19 63 22 80 42 69 29 40 
13 86 53 88 91 64 74 34 90 55 44 82 68 14 
18 46 78 66 89 52 43 94 36 62 9 58 94 4 80 76 44 45 62 
49 85 5 13 59 39 55 66 35 89 86 50 57 32 80 75 73 33 18 19 21 32 29 79 27 33 11 3 29 56 17 30 41 22 95 52 14 50 70 49 39 57 51 48 41 32 24 15 17 94 
34 38 27 15 69 6 0 33 61 29 41 78 11 35 52 6 87 18 56 10 68 47 19 19 96 60 3 72 75 72 66 62 10 93 77 
32 51 78 65 12 59 6 42 71 41 47 77 81 65 86 43 33 33 62 5 81 22 60 53 50 33 20 64 95 65 93 79 17 
23 44 29 83 3 24 6 96 71 35 29 36 73 72 22 7 34 79 88 9 91 94 59 24 
14 23 72 79 68 51 48 92 48 30 27 51 54 33 99 
27 20 29 13 94 1 87 53 36 18 93 45 10 87 56 86 53 31 58 85 99 62 33 91 10 15 70 13 
21 55 12 98 76 41 64 22 43 51 27 31 22 72 28 32 12 84 18 65 67 29 
0 
16 91 36 10 53 3 80 66 25 36 30 23 64 72 87 38 67 
41 17 50 13 89 78 97 1 14 15 19 81 96 69 47 39 57 9 92 61 42 10 38 30 41 61 94 65 1 84 84 44 1 34 9 42 64 6 44 78 21 63 
9 70 84 58 9 94 68 2 55 10 
14 93 40 5 6 86 70 59 22 54 3 23 40 12 65 
4 70 61 82 44 
24 93 14 61 52 23 55 72 77 62 34 42 7 26 47 13 12 70 25 86 76 28 61 69 93 
26 73 63 40 8 7 16 1 21 77 5 97 32 77 74 94 63 68 53 89 68 67 53 90 44 39 18 
24 0 87 17 79 61 33 19 69 92 35 22 66 13 28 63 97 5 89 44 69 10 97 10 78 
16 64 68 60 3 86 85 4 74 54 83 87 39 2 56 32 89 
30 98 54 58 13 52 16 54 48 85 64 45 47 42 14 11 62 74 15 1 11 19 75 66 2 14 5 56 22 89 45 
2 87 0 
11 52 4 27 7 52 64 71 49 11 14 63 
23 28 90 38 29 1 9 56 19 63 70 77 71 92 66 16 45 6 68 8 58 24 35 65 
28 99 37 78 62 3 41 85 31 83 75 61 85 36 17 4 99 40 33 22 32 0 39 29 6 59 37 64 36 
22 82 64 23 19 42 38 22 36 75 5 19 3 18 56 39 36 13 91 76 46 13 60 
48 4 90 4 16 79 21 52 4 55 16 79 74 11 17 48 99 93 5 70 96 24 27 87 12 40 78 40 38 44 0 37 48 42 93 64 22 66 68 26 21 37 57 47 48 75 95 99 20 
1 69 
16 77 96 55 89 88 34 29 27 30 29 64 78 24 57 95 46 
24 63 24 45 52 81 93 0 8 40 51 28 93 21 96 70 17 52 59 58 38 88 85 68 70 
49 98 94 58 93 92 82 9 68 80 61 1 25 14 10 65 65 38 11 86 35 81 56 39 93 66 77 81 51 97 3 52 95 49 10 41 41 45 2 61 77 15 63 2 29 73 19 47 63 30 
35 50 12 93 89 5 59 18 38 10 67 42 14 15 91 25 56 85 22 10 46 99 25 9 53 7 34 72 54 98 3 39 0 67 33 42 
22 92 12 62 55 80 56 69 95 48 46 3 85 68 13 31 19 90 93 72 97 27 97 
1 77 
2 43 30 
19 28 72 43 72 84 5 27 16 62 49 11 62 95 66 99 16 31 30 87 
22 75 12 19 55 9 23 84 61 18 14 80 46 38 75 70 75 32 50 91 46 99 55 
10 94 73 59 62 5 42 50 27 17 62 
48 72 23 73 9 84 91 23 16 89 14 43 60 89 75 62 32 22 61 39 82 7 13 42 70 18 84 72 97 53 86 95 78 9 21 87 45 12 62 13 54 76 56 66 17 83 28 2 5 
41 41 40 48 6 82 70 76 18 42 73 23 80 21 1 89 42 88 86 6 3 51 12 31 7 30 49 91 58 51 48 99 44 88 0 51 22 70 27 92 65 53 
16 45 74 17 87 68 58 25 26 13 77 39 44 36 69 45 27 
30 96 28 31 93 16 31 96 91 54 23 83 19 28 99 16 2 69 3 22 79 29 49 92 58 88 88 94 9 34 74 
41 30 2 73 75 18 56 71 61 10 47 45 29 75 44 46 30 65 1 4 44 82 53 88 40 93 77 35 55 11 9 96 93 11 69 69 81 26 92 43 88 91 
40 70 67 84 68 49 2 69 53 98 4 59 87 44 52 64 31 7 27 92 4 20 3 25 41 37 3 86 32 92 77 72 62 96 8 30 45 62 51 51 61 
5 10 48 52 62 64 
35 22 91 28 78 63 83 3 57 20 59 43 4 51 20 28 65 69 89 47 14 51 50 65 12 58 27 60 10 90 76 45 64 19 73 42 
33 57 97 92 29 56 35 86 59 7 66 24 28 55 23 43 7 74 60 71 32 40 32 94 82 60 39 46 80 65 40 15 74 37 
7 55 94 94 93 53 53 60 
30 82 15 5 77 74 79 89 46 11 29 30 5 11 90 97 57 22 14 97 37 88 87 96 95 81 90 89 86 44 49 
18 78 16 74 55 91 53 44 89 17 74 71 74 37 13 23 47 36 37 
46 25 25 83 22 73 16 12 62 3 8 11 23 86 79 49 93 22 3 90 11 72 16 34 98 53 48 22 0 36 11 97 61 89 80 35 62 49 48 24 52 8 87 27 47 66 77 
40 89 32 30 0 56 46 87 54 52 35 28 4 71 40 1 84 29 34 20 91 83 20 15 87 80 2 66 27 20 43 20 9 75 2 62 31 1 49 38 53 
36 66 57 59 58 11 43 87 97 15 30 32 87 45 19 68 99 85 47 72 81 19 81 8 22 43 92 75 44 30 28 80 48 37 39 7 0 
35 46 97 50 77 81 38 74 52 58 26 90 57 98 71 77 79 79 99 75 23 74 19 53 54 52 54 43 91 13 44 26 59 93 29 88 
27 19 63 79 77 89 69 34 39 40 63 18 72 62 45 95 88 17 1 42 69 7 38 60 20 34 39 31 
29 68 20 6 87 83 86 16 24 55 2 63 48 66 33 72 80 79 67 69 48 20 63 17 27 53 29 99 87 68 
31 67 36 51 73 75 86 59 43 10 67 98 25 15 64 58 39 96 89 6 17 37 79 81 54 58 34 36 58 22 4 89 
41 93 40 14 20 26 26 64 88 45 62 13 12 78 23 51 74 13 9 92 2 88 25 9 47 11 45 5 85 49 94 26 42 86 93 63 12 19 79 52 16 93 
15 28 71 88 79 45 53 88 89 56 29 14 65 76 78 10 
33 63 11 79 90 54 65 83 69 29 54 0 33 70 93 98 98 64 38 29 61 92 17 3 0 98 69 65 26 47 27 59 11 38 
40 53 44 7 36 65 88 42 65 21 64 10 71 14 26 10 43 88 54 12 43 6 11 12 23 89 60 50 49 71 40 91 76 85 99 12 2 87 6 20 61 
22 30 32 36 57 94 31 97 48 95 40 6 58 52 29 48 64 79 97 87 72 40 63 
7 39 27 11 79 33 31 40 
5 62 72 43 19 67 
24 68 67 70 8 74 28 12 3 76 77 35 25 16 7 66 80 16 57 7 27 36 93 59 76 
0 
23 1 44 92 20 70 12 87 92 20 13 73 84 69 1 61 56 27 30 15 45 10 31 2 
19 10 91 62 21 19 15 94 20 11 38 40 81 50 80 26 22 93 99 7 
14 0 20 22 79 50 37 76 12 20 31 82 31 22 96 
4 41 11 99 62 
22 89 54 56 40 34 82 62 80 33 21 46 85 42 69 65 44 6 41 57 27 72 39 
10 46 87 66 88 99 65 2 73 55 56 
31 47 91 15 61 23 48 83 69 34 77 38 51 21 97 44 78 24 69 69 86 15 57 52 55 8 70 57 33 25 14 15 
24 57 30 85 80 31 68 49 17 45 40 20 19 37 64 49 13 85 19 99 1 28 3 8 88 
23 66 21 50 32 36 26 89 19 12 69 2 80 70 19 78 10 39 97 47 55 46 12 41 
17 11 94 97 67 2 85 92 68 7 95 0 95 21 41 66 33 62 
18 66 33 39 44 95 78 93 95 86 91 7 27 9 71 73 6 38 75 
44 30 96 3 77 48 98 99 90 17 84 52 85 50 37 77 46 33 7 91 28 93 83 87 72 44 58 45 2 96 73 46 79 21 49 8 69 0 7 11 17 44 16 54 46 
3 31 93 38 
41 36 18 84 71 6 9 15 64 54 70 13 79 68 44 0 70 52 22 22 12 33 91 56 49 45 2 55 29 47 93 72 84 12 56 55 70 65 23 34 72 45 
49 51 13 43 52 35 96 74 57 8 59 48 16 61 46 18 16 27 66 61 99 2 73 7 57 95 73 32 30 97 77 29 48 43 25 52 78 21 78 88 81 90 36 97 51 34 67 67 61 33 
28 12 87 54 20 45 49 45 29 31 94 59 13 42 2 38 47 32 11 77 72 44 67 61 93 18 95 60 37 
9 46 66 73 33 72 45 30 73 90 
12 5 84 71 70 79 25 60 78 9 23 55 82 
17 75 43 12 93 90 72 83 51 70 49 77 56 73 22 86 46 13 
0 
3 49 21 25 
30 46 85 58 8 60 66 90 79 41 85 91 86 27 16 69 31 86 70 8 94 95 30 81 42 95 83 97 97 5 23 
27 3 60 88 11 21 6 53 0 99 90 44 85 70 60 7 1 98 29 61 93 25 91 26 19 87 9 16 
36 14 91 13 70 4 53 33 77 59 87 29 58 29 73 96 99 33 3 52 32 84 13 77 9 57 3 80 96 12 49 32 79 40 97 1 96 
1 34 
23 10 73 55 21 3 28 17 54 14 72 59 98 56 24 75 18 81 78 98 77 42 47 61 
23 40 59 74 88 10 9 14 72 82 69 93 37 97 62 44 63 34 3 61 43 27 36 61 
11 66 11 90 9 11 52 34 51 11 9 91 
23 18 5 45 0 74 91 90 24 53 34 87 88 89 1 83 68 37 96 29 56 7 20 17 
18 24 51 21 35 60 13 60 78 70 5 31 97 48 73 21 2 7 60 
42 48 61 25 16 51 21 46 7 80 18 24 99 94 27 72 29 88 37 41 18 8 98 49 57 47 74 78 1 81 90 43 29 4 20 98 55 93 96 14 73 14 90 
24 8 17 97 89 5 86 82 24 46 80 25 3 27 0 33 28 33 76 23 15 80 43 13 35 
36 9 1 62 75 91 86 35 8 35 76 66 22 10 90 20 90 67 24 70 19 9 50 5 85 74 72 65 69 37 52 58 98 53 20 25 44 
8 60 5 94 88 71 68 98 13 
38 40 32 12 10 52 74 13 9 59 39 81 25 8 18 29 18 16 83 90 41 79 49 53 84 95 93 55 63 43 68 51 83 1 16 46 5 90 59 
14 1 98 47 26 58 65 56 29 33 91 19 26 70 20 
29 7 15 24 14 30 67 35 82 50 88 50 96 93 92 7 59 93 5 58 72 16 75 80 45 8 71 64 34 93 
37 65 52 52 89 67 83 8 2 17 58 90 19 7 35 11 66 46 4 24 4 28 40 79 8 85 39 79 1 25 25 38 42 77 43 31 44 78 
41 98 47 49 40 66 8 75 77 75 21 33 99 77 62 91 56 70 28 47 2 29 72 79 20 14 56 15 97 53 93 88 3 40 90 44 58 50 19 35 25 93 
20 76 22 34 19 79 57 47 26 59 29 51 38 1 65 46 16 63 51 61 51 
5 53 93 51 11 44 
20 98 21 15 70 50 38 5 69 69 62 17 47 73 46 98 63 99 16 61 67 
29 13 28 82 20 33 28 71 96 72 93 46 93 61 16 43 99 73 65 20 35 82 19 60 80 18 23 79 86 85 
46 17 50 26 99 22 11 27 93 7 51 86 5 45 47 21 40 98 47 5 70 82 39 90 95 71 60 18 50 46 55 48 63 57 26 14 79 89 94 72 48 45 11 53 42 10 27 
35 61 74 92 31 8 32 73 3 3 33 74 6 31 81 6 46 39 85 13 70 74 7 95 23 4 6 28 99 68 55 86 29 29 78 13 
40 62 86 93 66 72 19 24 55 1 82 54 92 67 67 62 94 74 57 17 30 15 97 81 84 53 67 13 34 46 78 24 8 65 70 26 89 89 2 44 90 
35 98 82 4 17 45 98 43 54 67 74 70 65 55 54 70 75 19 4 21 98 81 81 15 51 60 4 92 62 0 83 47 51 17 4 68 
14 2 12 69 70 38 91 35 45 45 5 20 16 61 93 
14 94 75 29 45 35 85 90 49 38 25 49 89 42 53 
9 9 55 73 30 25 63 21 12 61 
18 69 81 34 83 75 49 77 2 30 75 89 68 65 38 6 90 87 47 
32 40 8 93 48 82 23 73 97 44 38 58 62 59 40 97 42 67 98 20 21 28 95 10 96 60 48 54 50 88 1 34 28 
10 28 76 44 51 2 41 48 92 0 62 
1 92 
11 94 11 9 66 32 90 61 42 38 21 42 
43 23 30 46 57 11 8 37 39 52 89 93 46 89 85 98 51 89 42 63 35 53 24 1 37 14 62 79 5 35 73 50 58 4 96 67 67 5 5 6 9 46 0 55 
35 37 53 38 26 95 1 61 0 78 62 37 92 76 68 49 11 42 99 21 98 96 41 65 53 98 71 62 44 23 70 31 61 23 21 39 
21 75 53 23 53 67 13 97 44 81 47 7 75 46 81 73 42 22 38 47 72 62 
