29 17 29 35 63 93 23 33 100 36 63 91 11 64 52 106 71 93 107 96 108 50 109 83 53 92 59 108 73 53 
2 91 12 
14 69 66 38 82 41 28 60 46 61 13 101 103 61 14 
18 58 52 37 98 52 10 42 34 11 40 97 106 14 79 109 107 90 17 
18 14 48 105 64 84 57 19 27 102 70 31 79 18 26 58 107 68 11 
2 44 12 
4 31 61 77 52 
21 26 84 19 103 88 57 51 94 83 50 103 53 42 63 26 64 24 42 12 73 52 
24 54 86 68 17 60 19 37 54 21 105 29 30 51 59 29 92 44 54 32 37 97 64 43 14 
11 57 98 73 20 41 28 16 69 86 75 71 
18 54 16 58 50 87 30 43 36 49 25 70 46 99 50 33 105 83 89 
7 82 78 81 44 61 99 50 
21 28 67 34 65 64 40 66 104 69 86 37 95 78 104 108 14 93 48 89 88 21 
10 96 93 89 67 79 40 109 71 102 27 
19 26 82 82 108 38 28 67 67 107 53 35 53 103 91 36 41 70 67 104 
10 53 39 108 63 108 90 62 69 83 79 
10 99 103 12 98 84 82 107 41 32 102 
9 75 95 99 54 26 59 11 20 31 
27 49 81 59 99 62 11 58 35 80 88 76 26 42 16 100 66 14 31 88 106 39 54 44 80 98 60 81 
2 23 102 
28 14 74 97 104 78 50 104 103 73 34 21 89 66 80 79 23 36 100 53 84 81 49 18 103 89 69 74 30 
23 19 20 38 83 59 32 103 99 27 48 62 51 59 41 60 29 10 25 107 52 68 82 75 
11 90 20 39 49 85 12 73 46 22 102 71 
12 76 64 12 45 102 65 39 51 48 89 23 101 
7 20 95 66 92 13 16 73 
14 46 64 50 48 80 86 12 72 47 73 90 101 27 26 
14 34 55 87 73 86 52 16 32 62 53 40 97 56 47 
23 22 35 66 62 25 36 91 27 50 28 42 31 72 59 99 107 84 96 84 99 72 78 57 
7 83 100 76 70 47 13 24 
20 90 80 63 105 59 44 74 51 15 106 24 29 108 65 26 34 51 53 75 13 
22 22 49 94 12 68 54 101 23 68 102 104 91 108 51 92 42 16 85 99 64 52 18 
3 107 35 86 
20 78 103 52 41 15 44 26 70 102 22 13 67 33 58 61 66 56 55 100 40 
22 75 30 67 17 90 20 15 67 48 106 87 42 48 19 99 34 35 11 78 99 15 36 
5 15 39 30 61 84 
1 91 
28 38 63 45 97 96 107 54 53 97 50 31 29 41 40 71 17 17 72 86 58 29 64 23 34 45 43 37 72 
7 71 101 34 24 36 21 10 
6 66 106 73 58 27 44 
30 57 105 97 16 20 25 64 39 31 77 16 66 63 43 28 59 104 20 35 71 98 46 23 74 54 19 37 55 36 71 
27 35 19 73 41 29 40 48 10 61 67 16 18 20 102 88 21 96 98 46 57 39 35 71 103 31 80 82 
27 59 95 53 84 104 68 68 75 51 106 76 102 15 34 62 78 26 41 89 13 81 78 12 10 55 25 103 
17 96 27 95 45 13 90 19 59 100 29 25 41 77 43 86 83 67 
19 103 36 69 82 91 41 102 93 41 47 109 87 66 47 104 103 82 107 35 
24 57 25 15 24 109 82 57 85 55 66 13 48 92 25 73 73 108 17 109 91 107 60 68 63 
18 15 108 21 64 33 106 63 100 11 77 99 84 76 74 81 85 30 72 
8 97 87 83 47 94 34 28 91 
5 39 96 71 44 46 
5 50 69 30 104 60 
23 23 101 106 90 18 29 65 90 91 74 77 68 99 14 105 75 84 38 49 13 77 62 99 
24 86 92 25 107 86 27 29 99 70 77 79 78 96 86 58 30 103 77 40 92 81 35 58 108 
17 49 63 83 102 105 38 30 87 105 27 63 22 98 104 35 17 26 
4 56 102 52 76 
26 71 106 30 43 32 30 93 90 69 46 63 13 41 91 34 18 39 103 23 51 44 18 28 51 34 22 
18 78 16 15 16 77 12 88 62 86 108 45 66 19 34 71 23 65 104 
20 26 33 44 91 27 78 51 45 72 27 57 11 96 63 17 54 83 19 32 35 
18 82 23 55 91 47 16 56 54 10 97 70 34 32 104 51 100 45 86 
25 15 34 16 53 39 23 97 12 84 71 90 21 43 103 18 76 40 24 75 84 24 62 97 48 84 
14 89 27 78 18 83 83 94 89 78 23 54 65 78 28 
29 58 91 63 103 99 30 33 13 47 59 28 99 98 18 26 31 50 95 52 58 68 77 42 48 46 107 92 101 75 
14 70 75 44 23 68 86 95 43 41 32 93 11 74 33 
11 42 55 12 27 97 60 85 64 44 75 100 
12 10 44 59 15 56 24 101 21 35 77 59 20 
30 33 55 10 97 79 72 29 24 74 98 63 76 74 69 10 91 12 42 43 46 43 48 44 109 40 107 34 59 56 45 
21 80 42 63 19 11 25 39 77 42 27 30 108 43 90 109 77 92 93 10 80 78 
22 66 77 83 63 54 32 10 41 33 32 73 86 41 75 53 22 42 85 92 15 84 77 
28 35 96 29 70 49 51 38 40 107 105 13 60 101 87 12 32 62 34 96 38 18 13 82 82 97 109 16 102 
16 36 39 12 22 10 72 61 51 52 91 48 100 46 99 91 76 
24 14 28 30 100 57 38 55 81 62 42 32 21 35 58 47 16 60 59 17 75 11 58 17 44 
28 59 33 38 41 99 81 97 17 101 39 16 81 84 39 86 16 62 97 41 62 34 100 64 35 107 29 88 107 
30 75 46 38 98 74 21 39 98 108 46 89 37 105 13 11 34 89 18 38 28 101 90 104 91 45 29 40 16 60 38 
6 25 74 76 13 91 87 
15 79 86 82 10 13 77 13 15 54 44 75 34 14 18 67 
19 100 54 80 82 60 30 10 98 45 27 64 100 108 41 36 77 17 108 77 
2 76 33 
19 72 19 95 96 24 103 105 22 45 49 92 18 100 64 70 40 51 87 94 
14 85 25 19 104 85 18 24 48 36 47 16 50 56 53 
29 22 46 84 35 34 23 69 94 65 24 54 95 17 84 79 101 59 47 62 106 22 22 20 60 48 109 18 40 107 
22 19 20 49 93 97 25 106 56 109 62 22 54 99 82 28 69 73 29 58 77 25 70 
21 87 72 80 86 32 11 36 35 20 46 74 103 85 90 51 31 89 103 96 85 45 
9 103 56 83 75 104 50 90 16 82 
11 30 53 48 52 106 74 77 16 62 93 61 
8 25 102 59 57 48 97 32 83 
16 78 29 80 43 75 72 75 81 45 85 53 40 24 95 36 88 
23 94 41 97 45 68 13 89 69 60 27 108 82 52 53 50 23 75 35 88 38 101 11 25 
19 54 55 42 91 81 73 95 65 56 83 52 66 86 31 78 88 101 76 12 
4 20 105 57 37 
1 87 
6 73 41 80 92 37 25 
15 19 48 39 104 55 85 29 97 94 57 71 62 35 62 28 
9 95 90 33 94 18 53 72 25 17 
26 96 51 82 63 17 91 54 47 38 99 74 57 39 58 105 52 10 82 104 81 10 41 61 33 26 69 
20 40 85 88 85 23 81 57 28 88 91 72 77 19 14 42 18 95 42 13 37 
26 38 31 66 38 62 17 14 30 29 85 60 56 63 87 69 86 87 87 64 68 102 32 29 106 64 37 
24 48 93 70 33 21 91 89 101 95 49 105 16 68 32 18 14 85 48 25 13 25 54 68 35 
19 90 106 46 96 85 79 34 68 39 58 31 72 89 75 10 28 22 68 38 
16 28 42 72 66 109 76 33 106 34 58 94 66 106 31 52 82 
13 28 92 82 76 14 96 108 31 48 26 43 106 55 
9 25 39 41 33 91 107 57 87 31 
18 23 87 54 44 81 26 39 99 108 11 18 64 49 16 85 88 84 71 
25 29 39 51 11 70 75 92 19 74 69 40 21 82 69 17 69 92 85 98 82 84 51 42 90 90 
19 18 20 74 79 47 94 108 88 95 21 105 29 30 21 88 13 33 12 24 
13 23 107 68 11 31 94 104 63 26 37 53 34 47 
8 103 36 53 54 15 90 65 62 
10 37 74 39 40 49 42 55 83 107 104 
2 109 25 
18 55 30 94 82 73 18 20 32 64 98 76 60 103 56 67 108 108 94 
5 37 25 15 21 22 
9 19 16 72 70 83 39 15 103 23 
29 66 84 50 88 90 38 106 40 84 105 97 34 103 81 48 82 48 53 94 12 83 55 70 45 67 43 75 72 36 
1 102 
25 14 94 75 46 75 71 76 101 18 15 25 11 39 15 36 77 10 72 32 83 17 92 19 74 26 
27 88 104 66 33 39 23 17 56 59 34 17 78 25 26 83 92 79 12 49 105 32 101 67 54 75 26 88 
27 42 56 14 21 51 70 44 32 35 103 78 37 28 37 105 95 105 30 78 75 33 69 22 107 61 32 103 
29 100 81 104 33 28 108 96 21 20 30 43 98 75 11 25 93 90 20 79 86 40 99 103 15 10 15 64 61 89 
8 29 32 81 75 55 51 25 93 
23 88 13 47 76 78 100 91 14 80 53 35 56 83 76 49 41 76 107 95 80 38 95 99 
1 18 
28 57 59 32 40 63 62 95 52 28 16 42 109 20 64 52 97 63 78 63 102 61 29 51 98 99 32 83 41 
25 91 48 82 92 22 64 45 27 50 87 45 108 71 97 18 26 91 57 79 59 10 23 62 81 17 
22 71 39 24 54 63 58 44 87 40 108 42 28 25 34 57 61 32 71 48 92 39 29 
10 60 31 91 25 83 62 32 76 23 13 
14 19 19 91 53 96 73 52 80 43 67 104 91 70 78 
15 60 12 33 32 93 83 53 74 98 78 27 73 45 92 76 
11 102 85 11 97 24 26 39 94 60 97 41 
24 109 109 39 60 64 62 82 47 35 77 64 75 45 33 38 32 15 57 52 59 32 105 99 46 
5 28 83 24 67 14 
20 67 65 88 17 19 92 89 109 69 56 63 34 43 86 15 18 43 62 12 45 
17 108 34 25 72 104 98 38 62 54 39 71 109 17 78 71 99 109 
11 58 107 75 34 92 103 39 100 36 43 103 
24 70 53 99 37 15 94 25 95 46 69 24 107 20 31 27 81 72 78 93 72 75 58 48 57 
12 30 100 30 63 93 43 75 36 33 102 93 17 
30 78 105 80 92 54 91 65 71 14 79 39 98 41 56 46 31 103 40 51 93 60 105 28 45 22 54 68 15 37 27 
7 105 74 97 39 18 30 94 
10 34 63 60 22 46 106 11 68 100 41 
30 35 91 56 54 26 69 50 37 26 30 106 94 77 71 81 107 79 101 91 49 26 97 51 38 33 48 91 43 90 22 
14 67 103 41 63 72 52 104 99 68 76 95 105 43 108 
7 40 78 20 74 69 36 13 
11 16 36 100 98 22 80 10 55 38 56 38 
12 18 81 37 59 91 103 96 86 89 95 105 19 
6 15 35 74 41 38 74 
10 17 17 39 29 87 92 26 67 38 54 
12 98 77 80 99 11 74 37 87 105 74 82 14 
20 39 92 43 22 72 60 12 79 67 93 50 96 75 66 54 55 63 97 95 30 
18 36 31 83 64 61 78 28 85 35 50 15 17 83 27 79 85 81 101 
23 65 41 29 82 98 25 28 103 12 65 75 21 92 97 95 98 100 15 68 75 40 108 80 
30 82 50 21 57 21 12 42 76 95 13 49 35 28 19 28 82 74 94 45 108 33 30 96 23 88 55 88 70 53 11 
21 77 51 71 77 14 25 109 33 10 12 24 36 82 33 54 106 49 90 41 48 13 
25 86 26 92 31 57 104 27 10 54 94 103 67 61 59 34 12 82 35 66 96 13 38 19 109 86 
22 90 70 49 45 74 25 14 108 99 13 102 16 65 99 100 58 56 104 107 33 106 80 
11 63 18 13 43 28 64 72 81 44 32 20 
3 96 87 36 
17 76 91 38 34 46 79 25 94 78 19 43 101 67 65 101 72 74 
25 106 44 58 68 15 45 42 77 19 28 54 97 16 73 78 44 97 14 66 64 50 34 25 35 25 
4 91 16 45 107 
3 93 93 62 
24 98 49 35 17 58 105 13 45 11 76 65 98 16 69 54 70 109 78 86 87 93 11 68 51 
29 17 103 82 100 107 27 40 47 53 47 47 48 50 35 102 17 90 90 75 50 34 87 101 54 63 78 89 16 88 
1 105 
8 75 29 37 72 98 67 61 41 
25 99 32 45 24 24 104 104 56 21 96 32 98 40 76 104 60 55 10 39 27 57 76 92 28 56 
27 17 13 58 100 60 99 74 47 13 40 93 59 86 104 46 108 44 76 26 38 78 23 91 59 40 38 26 
5 109 24 23 68 79 
22 10 81 60 75 18 15 105 53 64 34 99 100 32 34 18 101 62 87 14 43 36 97 
5 104 13 23 70 26 
14 40 87 33 11 89 98 72 94 46 15 101 70 105 43 
15 29 52 35 33 81 92 67 59 79 33 106 82 98 18 99 
22 48 28 44 102 60 85 64 96 21 21 87 81 68 21 15 39 15 93 63 38 75 72 
30 96 95 87 68 83 96 109 94 34 80 80 78 82 107 84 68 18 96 98 41 106 61 99 36 66 82 89 46 47 103 
26 33 88 53 43 61 91 95 97 15 17 19 36 89 17 10 99 77 48 87 61 45 38 50 71 46 22 
23 82 11 95 100 86 25 43 19 28 24 56 67 81 63 76 59 42 35 60 32 55 98 61 
27 85 90 46 46 26 10 90 99 11 75 89 39 42 74 100 60 40 47 17 63 100 84 13 85 61 15 59 
7 55 10 102 31 42 90 19 
30 90 100 100 43 17 31 72 50 47 63 100 77 52 108 82 94 34 85 69 37 42 70 34 88 23 78 61 55 59 70 
7 39 12 46 25 72 19 87 
3 56 92 54 
6 34 104 48 19 80 75 
1 108 
19 43 32 38 56 52 89 101 101 101 100 83 104 36 98 66 46 27 20 92 
21 16 10 86 11 48 95 33 13 68 31 63 101 105 91 99 48 22 42 91 14 32 
15 108 11 52 16 47 70 78 81 22 84 81 98 37 71 36 
2 75 94 
5 80 37 82 14 78 
23 26 10 53 30 85 60 80 86 102 38 75 14 106 46 26 33 70 15 60 31 93 63 48 
20 40 71 108 12 75 76 26 91 28 69 64 103 19 86 79 64 67 44 20 15 
24 37 38 45 94 41 18 77 94 109 48 76 70 46 30 35 12 46 68 30 58 74 24 19 103 
26 73 60 32 36 17 55 63 46 42 99 29 50 18 65 49 56 32 109 92 52 86 94 89 97 66 89 
22 32 98 106 68 14 56 90 40 16 87 45 52 19 34 23 59 94 78 51 40 100 50 
25 95 79 10 26 66 66 105 17 89 93 14 99 49 12 31 31 18 108 66 12 69 42 25 70 26 
27 11 108 36 104 24 21 73 24 37 29 81 84 88 12 20 44 53 59 99 74 33 59 24 89 14 83 74 
2 95 42 
28 97 41 44 43 55 107 106 70 87 77 93 61 107 47 23 42 90 25 83 106 48 32 20 27 36 45 43 108 
13 76 15 69 107 101 102 104 51 50 16 28 69 51 
22 67 88 45 51 20 12 24 68 50 46 30 19 25 17 53 75 90 19 80 49 68 24 
15 62 65 86 21 35 46 62 56 55 93 43 96 55 45 10 
7 37 98 86 47 13 94 42 
1 74 
22 101 65 61 67 101 13 22 30 76 47 66 81 45 63 64 31 49 61 66 101 17 46 
12 46 83 97 30 15 17 46 108 60 101 59 17 
4 14 29 65 33 
29 21 104 54 26 10 75 17 61 83 108 21 19 39 57 44 78 77 101 86 13 51 36 56 52 44 91 57 15 46 
11 76 109 74 72 25 74 37 32 77 62 82 
9 24 64 87 10 32 54 54 108 109 
16 87 108 38 73 89 37 30 26 59 96 77 75 58 93 91 37 
8 58 42 92 89 56 46 66 108 
19 63 52 19 14 90 48 12 18 11 92 97 31 60 46 70 79 63 18 14 
15 46 72 44 78 106 75 76 42 32 74 52 37 69 13 41 
10 51 96 109 104 30 96 78 32 84 38 
2 37 98 
27 23 86 20 57 106 16 23 72 100 97 89 42 76 100 98 107 39 39 45 38 86 65 76 106 87 102 34 
2 29 22 
28 94 51 89 41 47 47 106 62 37 93 93 21 59 83 109 109 12 39 96 92 67 52 10 63 81 102 39 102 
14 103 71 57 44 102 88 82 39 37 34 66 20 17 78 
3 42 77 73 
25 58 59 78 67 53 78 20 25 70 101 69 85 95 31 32 29 75 62 53 105 89 29 13 52 88 
2 16 20 
22 79 54 101 80 74 59 24 42 21 39 54 13 50 29 98 23 103 69 89 56 13 84 
6 32 87 29 11 11 35 
24 102 56 18 45 27 34 46 41 19 58 22 63 13 62 35 53 76 28 12 55 26 67 81 104 
13 58 23 95 11 49 58 55 95 18 91 64 43 27 
6 52 27 107 57 30 12 
3 25 30 53 
9 75 69 37 98 63 69 98 29 106 
11 68 55 45 105 15 78 12 48 96 97 42 
26 47 90 38 49 14 53 69 109 23 86 69 51 74 74 62 14 93 59 104 103 56 92 51 61 60 53 
13 98 40 36 54 77 68 82 68 73 25 79 72 39 
18 83 80 71 48 84 76 31 85 22 25 83 104 66 87 55 109 29 43 
2 107 87 
2 66 11 
22 29 27 91 43 56 88 69 78 102 107 104 20 80 80 32 95 53 79 103 82 76 54 
24 109 36 51 39 89 107 40 100 78 109 33 63 107 12 22 27 56 19 22 66 42 44 40 79 
10 109 73 12 75 69 55 27 95 96 108 
17 45 38 17 13 90 40 19 87 94 31 105 40 93 69 96 25 103 
10 94 84 78 109 86 96 69 84 13 106 
23 63 23 58 91 30 13 23 12 22 101 97 44 48 79 79 59 66 94 104 35 30 78 55 
11 55 93 89 81 48 37 93 101 50 41 35 
13 97 48 25 109 91 64 95 81 33 64 30 41 100 
25 18 73 93 64 93 90 47 24 61 38 51 96 29 44 80 54 56 67 93 23 18 74 77 104 46 
24 10 18 84 53 33 93 68 68 99 51 48 88 17 51 16 10 37 36 44 107 32 43 16 15 
17 25 32 76 71 20 71 23 28 45 18 103 80 76 61 21 69 51 
23 28 44 10 29 72 88 15 21 11 100 28 16 99 95 90 65 56 100 26 21 71 13 30 
25 36 96 68 99 56 109 41 26 44 42 45 58 20 103 69 21 93 39 80 82 24 60 89 22 51 
18 34 12 61 54 18 39 92 76 28 90 28 60 107 62 44 94 10 106 
28 21 18 23 51 40 47 17 90 79 30 83 26 54 37 29 50 46 58 32 64 29 13 82 31 62 86 65 46 
7 61 76 50 21 89 43 51 
9 50 84 47 22 57 16 66 37 87 
9 25 88 33 79 107 88 104 28 40 
21 83 76 109 86 42 49 98 73 82 91 42 22 65 31 35 65 89 43 92 67 44 
28 45 67 28 42 45 22 12 27 93 37 93 44 13 78 83 53 93 55 35 77 19 90 99 96 45 78 82 79 
28 16 76 22 25 47 106 12 11 108 29 46 35 64 80 91 32 53 34 16 50 11 35 60 92 24 98 79 45 
13 49 74 80 67 87 95 104 83 97 106 34 68 42 
20 23 13 92 97 108 17 55 49 18 81 51 52 95 91 74 82 104 13 47 74 
1 76 
13 17 101 51 65 25 10 49 27 75 104 109 62 103 
29 108 42 29 79 35 71 16 16 35 41 62 90 30 79 103 96 81 62 87 74 17 55 74 56 72 91 51 23 44 
7 82 94 80 53 15 105 66 
4 63 44 104 16 
15 24 85 69 62 108 21 92 72 80 37 89 79 51 70 20 
27 56 58 40 40 28 83 45 75 40 109 28 26 55 86 40 22 13 52 74 11 15 108 74 86 87 53 55 
29 65 17 35 12 65 65 94 83 91 30 48 73 81 18 89 26 95 71 90 98 13 107 52 19 105 68 95 83 63 
23 53 18 99 30 72 54 38 57 79 19 77 69 82 100 77 13 68 14 74 49 55 30 46 
28 39 41 55 76 66 108 10 10 68 99 82 31 95 10 78 64 71 97 23 95 87 90 98 97 47 63 36 92 
14 24 79 64 108 76 82 64 26 82 16 36 71 41 57 
17 41 77 62 103 64 75 40 93 107 29 33 44 82 59 78 107 26 
30 61 24 65 85 30 33 57 89 60 70 20 59 16 51 79 20 96 85 85 27 69 34 98 44 21 22 93 89 19 61 
12 22 75 38 97 96 62 44 75 64 104 37 65 
13 30 34 72 69 10 99 86 21 75 26 55 86 38 
11 18 47 42 39 59 107 67 98 45 71 84 
23 77 30 41 33 82 62 57 96 21 109 37 49 20 102 65 65 31 93 98 91 30 30 72 
2 79 81 
2 67 43 
16 71 10 17 103 85 89 55 33 27 66 32 106 105 95 98 12 
13 71 95 90 52 67 10 66 40 32 38 101 89 71 
29 50 23 95 95 99 26 40 74 95 48 48 91 95 33 31 97 26 45 82 106 39 91 59 96 21 81 24 64 12 
28 94 104 102 31 90 91 99 20 107 84 11 46 17 96 21 91 84 37 26 108 86 107 90 35 93 53 106 59 
19 108 38 44 102 31 66 34 64 55 97 62 82 98 50 41 84 61 22 58 
20 90 109 65 88 89 42 23 32 38 73 82 88 101 69 32 74 25 57 29 22 
15 33 46 84 73 30 58 24 94 59 55 75 58 62 105 89 
25 70 63 74 85 36 104 77 95 27 93 62 26 12 26 12 35 63 86 50 83 86 65 67 35 62 
15 35 15 31 14 99 92 20 16 67 46 10 86 83 27 70 
28 95 72 103 49 50 108 77 90 33 54 97 91 31 50 17 109 107 39 65 48 73 75 54 30 63 55 107 36 
25 19 65 10 33 59 101 73 57 69 106 33 65 45 14 86 37 73 85 34 54 93 73 17 58 17 
21 12 14 39 90 29 48 46 29 71 47 72 87 46 31 35 69 86 70 25 63 98 
30 90 74 85 73 37 93 74 97 73 76 101 102 108 72 92 44 43 105 33 106 34 70 27 59 29 104 72 45 109 12 
27 41 76 51 57 56 34 21 95 49 39 38 93 89 101 75 76 34 71 99 30 95 59 48 97 79 94 59 
27 45 13 32 28 79 73 75 77 98 38 14 89 19 43 73 99 34 90 65 10 103 54 31 41 104 21 28 
16 57 29 81 44 32 103 62 53 18 28 73 106 108 77 38 18 
21 101 59 86 81 14 87 27 58 60 58 104 23 76 71 22 47 94 56 21 87 108 
25 96 78 27 44 29 95 72 89 47 15 38 24 39 42 53 56 42 55 56 89 68 22 50 32 11 
6 78 22 64 28 76 102 
20 46 89 68 83 103 47 20 61 75 86 42 59 81 88 91 26 34 22 36 98 
24 58 51 40 26 63 46 97 81 91 36 69 70 46 42 15 83 105 66 100 33 98 49 105 28 
11 73 104 43 100 44 48 48 85 30 17 90 
9 104 62 99 82 73 11 18 106 17 
14 53 25 33 28 66 72 23 36 44 87 83 29 29 17 
28 67 45 39 26 77 48 20 81 37 44 45 39 52 41 98 85 36 65 60 54 73 22 20 100 57 49 73 76 
29 32 86 25 19 15 42 87 105 104 58 33 91 93 14 85 76 54 13 102 109 63 99 73 76 109 15 75 48 78 
12 58 52 69 73 62 27 57 39 22 104 39 45 
6 23 101 12 41 45 15 
7 97 69 75 60 87 26 65 
23 16 85 35 64 79 95 79 31 64 79 12 76 73 94 64 100 107 55 102 90 43 60 66 
1 19 
24 32 48 99 39 90 57 14 67 11 35 104 33 57 58 102 11 25 65 95 79 107 44 76 51 
16 109 101 33 29 10 107 51 48 96 80 80 44 36 38 97 62 
13 20 61 33 12 14 48 19 52 69 68 86 35 10 
24 35 101 77 106 54 74 48 44 12 70 67 98 49 47 86 53 69 48 56 44 103 60 82 64 
23 41 23 31 67 75 74 44 18 93 40 14 109 30 101 12 91 58 100 82 95 28 25 106 
20 71 41 12 73 65 66 18 49 31 39 106 48 55 92 57 39 22 61 38 43 
25 92 76 52 35 48 89 105 15 38 14 76 21 16 91 76 25 99 15 98 28 63 37 74 45 36 
6 10 39 35 95 34 18 
22 28 95 51 108 90 56 88 95 74 99 53 55 65 68 45 71 109 15 76 36 31 12 
15 28 64 43 54 49 67 14 52 86 99 93 36 79 91 14 
15 107 103 108 52 10 18 39 71 69 97 90 47 18 92 51 
8 46 85 33 37 94 37 79 22 
7 14 48 47 95 104 102 92 
10 52 86 50 12 68 63 72 55 43 109 
16 25 51 94 13 78 69 92 62 96 61 75 64 65 65 102 102 
3 46 36 51 
21 65 91 42 75 45 56 20 78 108 77 46 49 14 101 69 73 84 73 12 87 90 
29 43 46 62 87 100 98 66 41 80 21 23 13 86 10 11 48 30 109 67 66 100 23 10 59 87 84 75 41 61 
6 49 46 43 102 76 33 
23 32 65 13 95 30 68 23 30 21 13 50 21 22 59 11 36 59 13 65 33 78 96 36 
24 87 73 109 31 39 32 16 13 39 71 98 59 29 11 79 40 66 72 103 78 21 105 104 22 
11 59 45 28 97 71 93 27 86 92 48 67 
26 54 70 44 15 58 46 86 11 67 69 19 29 62 88 92 109 82 104 59 84 91 29 23 105 13 40 
24 47 31 91 104 27 51 91 85 52 27 61 105 84 72 15 56 77 93 90 28 17 37 78 43 
11 49 57 65 52 39 89 90 60 70 36 30 
24 17 105 105 34 108 101 61 23 106 59 90 41 39 108 48 66 28 34 27 68 33 34 62 62 
6 94 65 77 21 85 31 
19 32 78 105 30 69 56 43 17 105 23 48 86 74 39 95 44 63 64 102 
29 88 107 90 96 91 97 63 54 72 84 73 94 53 20 67 64 18 100 24 13 66 14 41 82 43 26 16 48 80 
22 76 11 58 109 97 39 96 50 84 11 77 99 47 72 109 104 78 17 47 92 72 55 
28 55 27 82 72 33 73 94 84 91 47 32 90 34 14 29 27 40 82 46 81 19 60 32 66 28 91 55 63 
16 100 102 50 17 74 12 92 89 49 19 71 86 41 103 63 97 
3 80 79 94 
19 50 56 18 72 12 88 53 57 41 100 99 33 41 106 50 95 40 29 34 
30 90 63 33 84 16 72 48 38 42 33 96 82 31 56 97 33 34 92 32 18 83 21 41 14 69 33 51 51 105 76 
12 85 29 66 11 87 28 102 15 60 77 101 85 
19 47 72 73 23 106 95 31 79 58 15 35 69 38 77 10 33 95 43 61 
27 99 14 43 18 106 48 68 73 91 43 13 80 57 76 93 54 61 15 75 61 20 53 20 100 20 73 24 
18 106 27 13 96 31 98 104 80 88 14 95 69 100 99 91 47 65 74 
4 69 31 109 20 
14 52 83 84 14 46 98 61 94 15 16 80 88 56 26 
19 34 31 44 45 21 33 26 10 40 90 44 99 64 43 62 47 37 35 21 
12 23 61 44 107 18 102 30 97 48 46 45 24 
30 31 59 82 106 75 35 37 107 69 26 61 54 78 99 81 55 10 64 68 14 50 18 22 94 38 109 32 26 97 98 
9 18 47 12 15 64 37 42 61 96 
21 65 92 31 54 15 76 106 69 87 10 61 47 23 45 27 74 19 43 61 107 73 
23 96 76 79 50 55 63 54 42 63 109 76 36 105 82 103 53 93 32 106 45 69 71 80 
7 35 42 71 39 39 35 51 
9 53 72 18 98 25 14 82 78 65 
10 105 60 73 50 56 56 24 104 91 83 
6 14 11 42 46 72 71 
18 49 64 95 92 26 56 33 41 60 57 62 16 48 109 18 11 101 16 
9 15 10 39 88 65 43 89 50 31 
14 11 49 43 18 86 77 86 32 52 70 35 100 74 93 
9 73 53 40 64 60 88 69 60 69 
20 68 55 30 108 76 23 61 67 56 21 96 76 98 18 18 58 95 108 74 78 
28 37 22 19 43 24 49 102 74 108 43 84 53 63 34 72 76 86 81 75 97 67 41 37 28 49 37 13 48 
22 82 27 80 46 88 13 60 27 57 76 25 90 103 21 95 27 35 62 103 58 79 43 
27 10 22 34 49 50 89 39 93 13 108 64 49 86 67 51 55 15 18 23 47 63 86 33 80 11 85 26 
20 54 11 17 106 23 93 97 63 73 79 99 76 77 53 68 106 10 109 51 67 
10 16 105 22 92 28 45 45 55 61 47 
22 62 54 47 75 38 34 81 53 103 70 71 23 13 29 71 65 81 12 23 40 71 70 
6 53 88 40 89 85 43 
17 26 95 22 15 12 102 91 83 45 37 95 59 50 98 78 63 106 
20 65 71 32 26 31 79 22 61 61 101 36 94 69 104 79 33 109 81 26 42 
8 13 69 92 62 61 33 83 14 
30 22 22 42 96 90 63 65 102 14 16 45 40 100 56 86 21 80 85 45 48 69 42 51 29 76 56 80 51 29 37 
13 93 49 54 32 81 107 87 74 63 46 61 45 88 
11 21 52 30 48 87 68 108 71 61 27 89 
10 49 31 30 28 43 14 19 88 36 91 
18 65 107 91 101 58 26 32 108 38 74 80 28 51 90 26 64 94 95 
4 43 87 64 64 
16 98 20 15 28 98 96 55 53 93 36 97 93 105 19 44 85 
16 14 103 28 95 20 82 79 57 67 64 34 22 70 82 62 80 
28 80 20 25 77 16 108 104 103 43 99 64 77 74 41 82 19 59 19 29 83 40 29 40 46 53 52 107 25 
17 29 54 26 40 69 94 46 19 40 91 53 81 97 72 97 28 44 
17 77 105 78 50 87 97 32 24 40 75 21 108 21 92 52 90 74 
23 26 10 21 108 43 16 79 30 79 66 100 65 62 67 13 82 59 90 69 82 104 100 99 
8 50 62 50 92 94 14 46 10 
28 10 60 52 16 29 73 37 37 15 45 42 25 48 14 74 80 74 98 75 16 39 84 56 92 24 90 28 81 
28 81 38 27 31 80 33 51 95 13 78 101 48 62 16 38 67 32 108 83 73 25 89 102 100 87 36 66 67 
28 37 84 78 17 101 99 40 77 92 77 80 13 20 70 65 78 50 74 53 48 47 16 16 26 60 58 55 39 
15 13 36 94 87 104 53 31 45 35 50 80 103 72 35 65 
23 90 34 72 107 77 62 44 35 20 61 85 68 58 14 73 61 92 109 91 38 52 12 74 
29 52 96 23 14 21 78 88 53 54 102 50 73 106 85 98 17 88 26 75 36 30 90 88 65 41 21 93 84 23 
18 104 17 95 69 73 106 89 103 50 34 47 90 49 43 65 38 102 95 
15 20 22 26 52 52 81 84 63 65 10 28 64 104 87 50 
16 102 98 94 95 38 70 84 71 10 17 78 90 62 64 86 72 
29 54 14 70 26 88 23 33 88 41 39 34 70 31 39 62 20 76 99 100 36 73 61 88 32 30 20 84 36 96 
17 54 41 103 14 109 33 27 32 64 10 13 88 70 35 70 74 45 
7 63 87 14 26 39 93 48 
22 103 75 37 42 63 81 73 56 85 24 80 54 98 34 106 101 64 18 78 24 82 65 
23 87 43 107 103 72 42 93 73 87 10 100 19 64 71 34 10 98 48 80 94 36 56 90 
11 11 98 48 77 22 104 70 99 37 19 44 
12 103 79 14 80 80 56 42 34 69 18 86 57 
8 57 41 35 55 73 57 108 13 
27 76 25 42 88 66 69 97 100 10 42 69 66 12 91 12 96 15 23 105 92 22 104 91 53 81 88 68 
10 87 71 15 105 86 99 83 94 58 22 
5 10 106 95 18 108 
20 72 47 86 85 42 20 97 36 53 92 107 32 50 78 61 63 35 56 91 24 
22 75 24 45 49 24 41 86 32 91 105 46 28 82 21 12 44 108 90 88 42 40 10 
5 108 61 87 34 59 
29 48 82 33 63 69 24 29 100 53 104 33 100 40 104 24 52 106 59 102 87 37 35 17 37 59 15 40 89 91 
12 47 82 13 71 35 72 37 106 14 80 100 37 
12 83 31 85 77 80 86 69 57 13 46 16 92 
19 73 22 27 55 105 16 27 108 29 104 22 57 100 26 79 43 106 92 16 
20 20 83 49 96 94 48 100 31 54 82 21 18 47 90 15 42 96 32 93 16 
27 105 63 68 74 32 101 22 67 59 43 77 32 35 63 69 73 53 42 70 78 53 30 15 33 35 99 19 
10 82 77 77 30 30 35 46 105 79 58 
3 28 91 81 
24 16 34 62 32 30 46 44 98 89 64 103 64 41 44 25 92 17 93 59 37 65 36 25 12 
16 73 16 76 106 87 69 13 12 73 87 32 109 21 20 40 27 
26 46 10 99 13 92 58 48 93 37 104 19 52 106 15 15 65 81 64 42 92 19 44 107 96 18 106 
18 28 88 76 35 24 76 77 79 58 25 18 41 53 12 102 47 60 59 
16 15 30 59 48 64 68 34 61 106 43 109 55 13 87 21 91 
24 87 58 23 87 25 31 70 20 85 62 58 35 12 105 93 84 54 83 91 64 107 42 60 92 
23 105 48 71 16 29 15 45 29 28 74 96 101 34 107 76 38 107 53 92 102 36 67 46 
22 48 100 11 32 102 93 64 97 83 26 55 54 83 42 73 53 106 60 44 30 109 62 
19 106 57 41 98 84 50 86 87 40 28 88 62 20 24 69 59 97 37 104 
13 10 36 105 53 32 107 39 104 106 91 104 54 38 
28 42 64 27 18 42 109 36 72 62 98 86 73 47 74 100 93 106 100 19 53 95 93 103 24 87 99 105 34 
17 85 11 28 92 81 89 76 80 67 38 84 56 15 47 93 31 37 
8 27 79 38 22 64 74 15 78 
12 57 25 75 43 53 29 13 35 100 92 101 70 
1 29 
6 96 86 34 31 107 62 
21 76 31 79 89 38 43 46 106 36 93 22 54 78 17 73 82 42 63 64 33 75 
17 104 62 94 81 87 16 78 91 56 97 12 77 76 92 62 12 89 
30 48 53 85 68 60 100 40 44 53 47 67 70 45 13 23 30 84 100 36 105 81 34 92 35 54 10 18 106 64 49 
18 102 44 64 61 94 54 43 28 97 32 37 10 68 40 23 88 67 65 
27 14 36 42 48 13 38 48 73 35 102 12 14 47 98 69 50 34 13 35 104 53 58 31 53 68 14 18 
27 23 73 54 27 51 38 65 106 67 55 70 44 99 24 48 36 13 107 28 37 63 106 84 106 54 105 101 
25 61 109 52 74 24 96 43 65 76 98 61 33 95 73 67 85 88 106 63 43 55 82 22 108 78 
7 56 74 44 47 28 47 98 
1 12 
13 108 97 19 74 38 71 98 23 34 107 98 64 103 
3 97 101 76 
3 51 96 48 
29 60 82 87 30 20 28 90 74 30 88 61 40 104 41 53 92 55 29 90 95 84 35 89 23 78 55 75 20 41 
15 60 43 38 89 63 100 107 43 16 80 73 20 62 68 51 
18 102 96 76 34 34 102 12 13 68 80 11 33 42 42 89 92 76 70 
25 29 60 73 15 67 95 30 77 47 88 70 46 33 109 65 57 33 57 59 88 15 82 89 91 14 
23 22 49 40 82 63 11 85 26 16 94 12 37 13 101 67 73 90 90 72 45 90 95 44 
22 74 50 15 105 83 20 17 47 59 99 20 64 101 47 32 59 31 86 38 34 30 96 
20 10 28 12 45 60 49 79 42 65 71 47 61 96 109 20 34 10 10 96 64 
12 33 39 102 106 15 31 82 87 17 21 87 87 
24 74 38 15 96 22 70 109 11 21 96 11 32 72 11 84 58 18 27 33 99 19 29 104 40 
2 82 99 
13 11 77 78 76 57 83 62 69 95 61 70 59 99 
14 33 61 77 107 61 85 24 84 74 85 103 20 16 46 
25 57 101 46 76 21 64 23 46 68 34 31 71 95 80 61 60 103 64 27 52 16 54 18 90 18 
25 36 81 52 24 67 99 15 103 66 26 109 31 62 67 56 36 29 93 58 32 43 104 86 61 46 
5 105 55 77 66 91 
16 89 33 69 46 74 75 92 30 43 91 52 48 49 50 74 20 
24 22 42 18 16 70 69 105 57 17 102 24 25 83 69 104 58 80 92 22 97 74 95 31 56 
30 69 47 29 85 57 104 49 41 12 108 53 24 103 100 31 47 66 98 72 77 44 20 48 26 84 35 91 69 108 89 
19 19 78 19 94 77 13 34 108 16 32 103 30 77 46 103 66 102 43 28 
13 77 38 60 93 64 37 26 24 36 57 14 45 25 
5 82 92 27 58 42 
16 80 36 57 99 72 102 55 16 35 73 28 102 53 30 38 107 
11 106 73 88 54 78 75 69 92 47 52 61 
6 36 37 17 62 36 58 
7 29 103 35 106 18 53 99 
4 26 79 63 26 
26 26 104 19 46 69 31 28 59 25 32 44 51 11 104 56 37 52 74 56 98 99 53 106 95 94 62 
12 15 67 79 80 83 73 42 72 84 63 90 85 
29 64 72 19 65 66 17 93 108 82 91 48 71 86 45 56 70 49 109 27 106 78 98 31 93 30 93 20 83 26 
6 103 80 57 64 36 13 
13 71 64 44 52 102 57 29 89 104 41 80 55 59 
17 24 99 50 107 19 33 17 44 101 55 89 72 102 43 50 58 57 
24 64 43 105 108 91 76 88 37 60 10 82 61 77 48 50 69 46 11 44 105 97 36 50 76 
1 95 
22 42 43 61 95 49 94 42 47 27 61 77 106 11 78 79 62 97 69 54 56 105 55 
1 53 
23 68 45 60 108 30 63 92 15 14 77 54 99 10 92 68 61 59 65 14 79 86 18 66 
26 62 12 41 107 45 36 91 103 71 93 54 44 46 36 49 51 104 46 92 56 80 50 59 81 105 63 
22 81 23 107 17 75 62 100 24 97 78 105 42 39 40 86 73 76 13 65 69 59 53 
22 105 23 92 106 94 39 11 87 11 24 37 70 89 89 12 55 28 80 102 60 61 32 
20 77 98 92 32 58 93 75 51 40 40 33 36 76 15 89 54 68 103 81 28 
15 12 82 79 30 52 71 32 55 45 11 22 33 45 96 33 
19 13 75 58 43 50 36 10 55 15 54 13 60 77 83 36 79 107 57 99 
30 70 73 95 105 75 59 81 62 46 104 81 49 21 81 83 62 60 35 59 17 79 15 20 98 40 46 67 38 46 108 
18 106 23 14 54 88 16 25 93 52 71 16 91 83 87 16 87 89 41 
17 49 62 93 59 102 24 47 59 52 83 109 71 32 23 28 28 53 
15 95 36 28 56 42 61 81 72 68 58 103 51 37 42 56 
23 43 48 86 81 50 80 106 101 42 80 14 12 98 10 36 83 36 54 82 21 57 53 35 
16 54 28 109 33 61 55 95 46 45 24 17 85 94 66 77 78 
27 33 80 25 33 58 50 12 54 22 75 102 18 100 107 14 18 58 89 21 55 26 58 91 40 17 66 77 
24 85 45 100 109 68 67 84 16 59 38 61 24 103 53 84 93 102 88 54 51 67 17 96 83 
8 29 66 77 86 33 40 61 20 
13 12 78 91 87 85 93 15 88 107 61 31 81 96 
26 11 40 68 68 100 107 93 59 26 49 26 102 24 109 106 35 33 108 103 67 37 30 102 95 108 99 
27 29 22 32 47 23 15 105 33 57 102 16 106 19 108 75 63 22 26 59 47 101 10 93 10 37 13 102 
15 12 43 10 83 55 33 20 20 90 68 43 37 60 102 85 
10 52 102 75 64 70 24 102 62 76 85 
5 104 40 107 20 42 
11 21 16 38 96 78 48 76 36 34 55 87 
7 82 98 68 75 63 74 35 
11 18 39 96 45 44 42 76 41 53 108 23 
17 66 51 102 35 90 20 13 66 17 42 82 89 31 92 106 36 56 
3 108 17 13 
8 52 47 79 18 30 74 69 96 
3 77 37 24 
3 69 86 58 
26 93 90 49 25 63 83 21 90 82 95 40 89 99 77 31 88 99 92 61 15 103 47 38 70 26 104 
4 86 81 63 101 
17 43 93 83 97 66 95 29 38 32 59 17 73 79 91 52 68 73 
16 25 66 92 53 26 108 48 31 36 71 84 80 29 18 63 103 
8 19 40 76 48 62 77 55 26 
27 36 20 56 51 65 72 107 99 67 76 49 105 97 28 18 24 98 38 84 51 83 31 60 13 49 98 65 
7 96 33 105 74 95 51 16 
1 65 
16 91 23 31 83 70 71 101 31 85 41 59 11 82 84 84 32 
28 23 73 94 81 59 70 76 23 55 70 81 48 25 37 81 90 58 54 51 71 97 72 46 28 73 99 100 47 
4 75 76 38 90 
23 10 39 72 28 104 18 88 28 56 56 55 27 36 55 24 29 17 63 43 105 82 106 95 
25 95 10 41 61 39 21 16 91 102 78 109 49 38 40 67 84 38 12 54 16 109 20 36 16 73 
20 12 97 18 97 64 103 97 47 107 78 59 65 59 103 33 11 42 62 41 51 
9 21 105 84 27 105 94 105 11 10 
18 13 97 25 52 103 70 40 41 19 108 42 74 10 35 50 11 20 102 
15 13 32 105 109 107 74 104 91 70 105 91 29 61 31 96 
14 76 108 85 59 70 36 91 34 36 69 26 37 31 18 
22 34 93 68 33 90 32 79 23 44 27 105 15 78 78 101 23 96 100 99 46 60 77 
10 36 103 38 53 82 59 13 45 36 48 
16 59 28 29 29 42 64 98 89 21 66 109 13 31 95 55 72 
2 57 39 
12 35 84 81 30 56 83 86 43 109 24 88 10 
24 108 81 27 14 69 106 25 25 57 80 99 42 77 61 16 24 91 59 50 65 30 22 64 103 
19 97 54 13 28 55 98 26 26 15 82 86 63 49 53 10 20 42 42 87 
5 100 54 27 49 46 
23 22 58 88 67 47 28 12 50 46 109 90 14 25 95 38 53 48 77 49 100 39 81 84 
8 17 75 13 34 66 49 59 78 
28 89 88 34 107 90 26 95 41 106 51 56 91 79 52 81 47 91 23 76 14 98 35 22 15 38 98 71 77 
18 92 17 79 70 41 76 102 58 62 33 106 103 31 40 25 73 63 14 
17 77 32 11 65 58 75 22 38 63 83 58 53 17 65 22 77 48 
21 69 96 44 44 45 90 66 75 105 81 28 109 78 95 31 79 102 31 96 14 60 
10 40 60 44 47 15 108 15 53 39 26 
23 73 61 79 53 69 44 48 40 62 99 108 100 21 29 44 42 15 49 44 107 31 94 41 
29 51 40 25 95 21 94 29 84 97 98 80 56 84 18 86 36 108 37 78 71 56 13 103 14 104 38 11 25 74 
5 35 16 76 51 53 
8 35 72 14 74 12 84 20 86 
15 48 64 94 75 85 55 22 40 49 78 34 29 79 101 93 
26 26 51 82 19 94 11 96 108 15 60 62 89 70 38 24 109 45 108 26 72 106 90 102 45 58 78 
17 79 69 51 85 85 93 57 47 29 58 33 28 16 84 80 47 44 
12 13 95 48 12 12 10 60 92 102 47 41 70 
4 62 81 46 37 
19 81 36 45 101 85 69 71 43 43 93 80 29 44 84 67 34 38 21 34 
9 103 78 25 86 90 20 39 13 56 
27 12 28 93 99 71 20 58 32 105 43 15 75 15 102 49 72 26 29 83 103 107 28 23 22 57 104 84 
7 107 31 94 61 101 29 51 
3 91 99 36 
27 85 93 104 42 85 95 56 54 15 81 47 12 99 60 77 46 106 51 74 104 24 11 107 67 82 48 19 
27 90 97 44 17 81 38 49 108 24 95 52 81 66 89 35 107 40 54 44 36 48 60 82 62 13 80 20 
27 70 81 92 50 21 26 57 92 107 48 90 73 33 33 44 89 64 21 87 46 66 73 25 104 75 97 108 
30 19 18 107 80 42 89 72 105 57 72 87 54 10 19 69 86 94 103 65 49 67 94 37 23 109 52 17 27 40 67 
17 101 28 45 23 60 76 38 55 23 100 84 20 100 45 79 28 82 
26 36 21 82 20 100 47 72 43 106 41 25 63 79 16 81 14 82 83 80 10 80 45 100 54 55 42 
3 77 61 14 
5 87 77 68 49 67 
6 63 100 101 94 15 106 
24 74 78 67 46 103 89 46 74 25 36 70 70 20 102 89 71 106 23 100 25 81 40 83 28 
6 25 71 30 83 68 35 
8 88 93 83 81 24 71 97 39 
20 58 52 59 102 31 73 51 45 63 66 68 45 91 87 81 107 100 53 80 58 
9 69 88 13 94 60 28 55 99 57 
25 47 99 95 40 73 10 33 108 16 89 18 51 71 47 74 20 38 69 90 86 38 101 65 93 85 
28 11 30 108 11 66 46 52 103 28 15 104 103 65 10 82 74 103 95 11 20 105 91 79 37 68 59 28 75 
24 103 84 96 75 82 49 83 70 92 77 40 97 71 33 53 71 58 69 16 43 22 26 91 104 
19 70 14 97 41 31 82 34 105 69 52 29 108 25 42 42 92 72 30 105 
29 25 18 96 36 25 81 48 93 62 42 31 75 98 19 106 19 43 82 14 54 24 86 105 92 18 37 26 32 109 
3 22 24 82 
19 50 97 32 41 33 84 25 54 101 14 15 97 23 49 70 80 93 84 56 
29 66 16 16 35 90 15 99 103 82 71 53 74 11 75 105 34 102 21 78 93 77 84 81 90 23 41 60 58 67 
19 37 76 64 95 101 97 52 90 90 24 103 85 41 104 51 88 28 95 51 
30 78 18 23 101 99 88 84 49 36 42 50 15 60 104 100 51 91 43 83 23 109 76 99 92 23 92 71 41 77 12 
23 97 21 45 41 62 75 15 53 54 99 93 59 49 40 102 42 73 87 15 87 86 34 28 
12 47 10 82 30 29 36 53 16 47 40 47 51 
29 105 95 102 94 30 103 34 60 47 66 24 24 24 53 53 100 71 64 89 23 36 61 42 62 56 100 52 87 90 
6 87 85 30 79 69 103 
15 45 53 62 54 19 76 68 62 71 10 75 25 41 88 103 
13 72 56 39 63 50 68 43 85 45 70 58 66 29 
12 80 17 46 84 61 108 103 71 12 64 71 78 
21 54 108 73 36 71 71 65 76 63 75 61 39 10 21 39 66 92 32 89 51 68 
4 102 18 108 63 
2 63 76 
10 33 72 39 48 99 52 62 106 70 15 
13 21 96 72 84 25 81 19 47 60 60 58 65 105 
27 64 10 77 17 77 108 92 39 90 82 80 32 34 77 93 92 91 56 78 105 83 46 76 44 83 78 94 
24 86 41 40 40 42 59 99 61 58 33 42 38 57 13 12 34 32 47 16 65 46 36 60 19 
3 79 105 98 
8 89 71 23 73 101 105 105 51 
7 56 51 69 88 31 69 43 
24 93 17 23 99 72 59 25 23 20 40 92 15 28 81 46 89 47 109 81 94 56 74 31 102 
18 42 33 88 101 18 63 84 26 76 25 88 77 93 53 39 23 35 96 
22 59 33 20 48 84 43 32 31 59 53 75 16 38 50 94 29 59 48 56 27 66 71 
26 86 54 49 15 67 26 102 50 27 77 13 65 103 46 88 76 48 83 94 54 11 34 91 83 35 81 
30 52 37 90 48 13 87 39 71 96 55 15 37 73 82 40 80 75 28 58 42 66 32 26 63 85 102 44 58 28 15 
20 22 94 62 12 98 39 41 11 25 39 16 104 54 88 86 24 105 105 25 89 
4 99 57 66 74 
11 100 75 20 57 94 32 42 46 35 82 27 
9 83 95 47 89 89 43 19 66 58 
17 13 25 46 16 14 93 73 30 33 15 95 95 63 32 18 95 68 
4 67 38 51 92 
14 41 23 102 74 84 10 74 40 13 89 28 20 45 12 
16 66 87 40 51 73 45 73 81 82 84 66 91 12 59 73 25 
1 38 
30 107 12 70 23 43 73 103 61 35 38 15 60 46 45 43 88 108 78 103 31 51 77 39 84 31 40 48 46 73 76 
19 70 79 70 83 64 85 28 67 11 109 25 13 45 60 46 75 58 67 69 
12 60 88 12 34 10 42 24 98 105 91 46 65 
13 106 91 18 82 61 75 35 12 42 38 48 92 27 
26 92 84 24 13 86 103 15 10 55 48 25 43 95 58 80 51 12 28 84 20 52 87 37 29 90 70 
1 80 
5 27 35 87 53 50 
1 29 
26 48 29 40 38 96 73 23 96 95 16 98 66 90 60 60 68 40 32 48 100 32 18 94 49 95 23 
23 35 104 63 72 94 34 54 22 21 70 35 59 55 42 48 63 74 98 66 84 80 88 74 
11 10 82 107 101 20 20 35 45 66 88 60 
21 12 104 14 75 64 40 25 62 24 15 67 40 55 23 15 26 53 79 86 53 104 
16 96 14 98 21 101 106 99 51 99 54 98 103 19 104 85 86 
7 51 91 66 82 37 31 87 
14 75 108 81 70 54 59 57 58 99 68 102 95 10 95 
27 54 83 30 15 78 105 44 76 99 77 84 71 104 106 100 99 71 98 23 31 95 72 78 43 13 89 35 
11 89 21 77 85 46 97 42 66 44 76 85 
24 44 59 46 90 55 36 80 16 77 45 38 62 59 58 47 62 37 25 102 16 88 69 43 24 
29 76 81 95 42 56 70 28 105 107 109 51 85 31 109 104 66 89 108 15 38 98 19 17 13 11 76 91 23 109 
8 73 75 28 10 108 26 71 78 
25 20 77 67 47 50 66 42 106 98 92 63 78 80 72 85 35 26 51 68 91 51 16 54 16 86 
8 66 55 68 35 19 78 102 76 
18 43 84 99 91 72 34 97 40 56 59 68 34 27 109 92 108 102 50 
26 109 27 102 17 24 12 42 33 32 87 51 89 72 25 79 105 40 55 92 22 101 94 32 25 11 32 
21 62 24 100 109 75 69 101 83 83 55 67 58 77 44 99 56 58 67 77 54 49 
13 36 61 66 20 36 33 22 58 35 26 24 26 25 
3 37 16 15 
22 61 24 59 80 59 101 26 107 58 94 51 97 58 30 100 66 40 26 90 104 26 15 
21 93 83 35 25 11 93 82 64 96 96 13 66 97 56 83 95 104 19 88 43 67 
19 34 24 91 102 56 85 71 13 96 54 87 21 21 40 57 93 94 43 31 
30 100 19 96 25 56 42 34 34 76 43 85 52 109 66 44 55 41 105 59 79 101 88 43 12 18 90 47 102 23 69 
22 65 78 79 80 76 12 104 100 78 90 27 20 89 83 106 35 67 54 36 36 45 14 
2 100 74 
22 37 66 67 48 49 22 68 19 45 34 73 91 77 41 71 94 103 51 68 51 28 77 
8 54 55 35 10 67 25 74 10 
5 30 67 43 21 32 
22 82 19 26 45 100 93 28 62 29 73 55 87 15 73 106 52 17 52 77 17 109 44 
2 109 39 
24 19 24 64 93 15 89 102 83 24 92 18 95 96 38 58 41 67 15 104 64 10 11 106 29 
11 105 16 41 56 45 36 65 59 91 48 16 
1 40 
11 36 75 50 21 61 78 22 93 36 79 39 
11 79 41 86 51 53 33 57 37 31 92 63 
10 93 96 29 51 108 12 83 35 77 24 
29 80 92 62 63 18 32 45 50 101 76 78 94 71 53 41 98 75 75 52 56 10 38 75 52 89 77 25 14 96 
2 54 67 
5 107 72 34 29 107 
16 72 25 95 57 87 39 40 27 56 106 69 102 106 50 67 100 
2 87 16 
18 73 97 81 82 13 30 45 38 101 94 55 16 62 40 63 91 21 45 
19 67 41 20 59 38 12 69 80 83 46 86 10 61 26 33 34 81 54 21 
12 45 57 58 51 109 89 56 42 52 92 41 10 
16 51 11 55 105 70 26 78 58 54 78 62 70 53 38 94 97 
12 45 85 48 94 78 100 25 77 32 67 11 15 
30 76 108 73 22 103 85 38 71 34 82 91 38 95 35 66 79 74 109 66 101 47 50 70 89 17 37 64 75 38 21 
7 56 20 99 68 13 75 48 
28 51 21 60 31 58 37 87 79 54 86 35 45 75 28 105 107 35 84 13 52 64 24 79 11 86 20 69 42 
18 60 59 78 23 61 51 71 41 80 40 85 56 17 20 74 35 68 23 
22 94 78 103 49 92 24 50 21 35 61 53 62 11 54 83 24 105 24 37 36 95 19 
2 93 27 
25 109 104 84 74 107 68 42 101 107 77 67 99 88 92 103 31 97 56 75 22 71 22 88 50 49 
16 60 102 109 29 18 60 75 92 77 73 103 109 16 100 76 73 
23 106 108 35 27 95 81 44 59 94 57 37 87 96 53 89 40 104 108 49 54 25 83 73 
19 76 73 94 19 91 10 51 88 108 28 57 45 51 92 94 88 39 21 65 
28 64 44 107 58 94 98 55 109 72 18 88 90 33 24 99 67 24 92 45 74 62 92 109 104 26 45 82 55 
8 37 22 63 23 72 64 107 60 
2 106 74 
12 36 107 45 51 96 54 17 31 89 34 83 23 
24 29 40 21 53 37 68 80 102 73 45 64 79 42 66 30 39 83 42 65 80 29 58 18 73 
17 39 104 90 13 17 65 84 99 76 28 79 86 50 71 102 86 77 
22 18 33 92 47 58 76 55 28 47 103 37 10 11 66 56 91 21 15 99 96 105 17 
17 26 46 106 87 38 82 54 99 91 29 33 80 78 99 25 96 36 
12 75 88 72 84 86 106 95 92 95 33 39 54 
10 55 90 86 84 18 10 28 60 91 47 
4 14 67 25 29 
5 103 42 19 34 105 
14 10 101 31 44 38 106 73 82 38 70 15 14 44 23 
27 62 73 48 52 99 104 109 14 75 105 107 108 67 31 103 102 84 46 23 18 74 72 34 98 100 94 103 
27 29 69 12 33 32 102 27 73 96 79 77 62 74 27 60 31 100 105 76 26 41 41 35 57 103 59 45 
4 95 91 91 66 
21 94 42 24 38 59 88 77 28 107 81 93 76 31 66 67 78 32 83 109 64 60 
17 109 61 43 93 99 24 26 55 64 62 87 79 91 89 109 58 107 
17 29 42 73 102 51 82 22 25 55 21 79 58 19 79 61 52 14 
21 67 30 96 21 83 25 42 16 104 41 16 54 38 87 38 53 31 79 25 43 95 
3 54 16 70 
26 37 22 57 93 62 14 14 100 78 39 16 62 97 62 94 103 106 74 32 35 17 53 56 32 86 41 
5 82 100 57 87 27 
30 34 11 73 91 67 64 11 48 22 63 35 74 99 80 71 15 102 48 22 45 94 96 21 26 83 45 16 30 22 85 
12 98 86 56 79 43 10 32 81 22 38 58 87 
8 28 100 85 20 38 97 107 22 
27 18 90 109 105 96 81 17 24 64 106 100 10 27 86 11 102 109 75 30 58 104 99 28 94 74 39 74 
25 88 87 40 97 19 91 44 58 14 52 72 68 100 62 20 69 90 21 61 90 39 81 90 33 23 
9 70 39 89 86 43 68 63 25 107 
16 58 41 73 62 35 35 72 25 39 83 85 20 46 88 100 27 
3 32 103 25 
1 63 
25 62 91 40 20 97 55 69 12 56 100 75 108 26 100 23 93 29 48 20 39 84 99 81 54 101 
24 47 16 76 52 12 28 33 42 90 20 40 49 22 86 91 87 36 59 29 101 43 49 39 105 
1 66 
15 54 10 85 99 99 43 17 41 98 35 64 82 15 27 12 
27 39 40 88 69 19 37 88 10 22 79 92 18 52 100 54 96 52 82 37 41 67 45 24 55 22 78 28 
21 47 82 76 77 65 54 36 26 34 66 78 98 36 60 106 78 102 103 16 44 75 
26 75 32 30 89 78 43 10 48 13 47 72 31 66 79 28 44 95 52 101 64 92 79 66 89 47 59 
5 105 45 99 90 11 
2 11 42 
22 96 94 31 51 32 46 72 40 15 90 75 53 84 66 59 67 87 67 98 24 68 22 
22 104 11 51 57 74 104 89 106 42 74 79 83 48 15 46 30 73 78 95 68 53 103 
28 10 80 26 98 46 85 10 107 79 63 101 26 27 47 57 23 80 73 93 105 63 50 41 84 13 62 69 71 
16 15 30 57 85 99 45 74 74 97 71 95 50 14 11 67 52 
1 33 
13 74 68 17 27 60 101 101 64 105 13 77 100 18 
21 99 45 39 34 109 55 73 23 40 13 27 41 22 21 41 97 85 57 107 45 75 
29 88 18 64 83 21 83 25 81 23 14 69 104 38 20 49 53 33 79 108 103 62 20 14 46 60 90 93 57 25 
21 57 103 19 11 28 82 85 43 106 50 47 65 45 27 75 36 70 51 58 68 44 
21 78 100 46 80 32 82 28 99 82 75 44 43 29 62 68 104 95 64 96 32 71 
2 49 88 
21 109 29 58 19 15 58 88 106 47 10 28 71 80 70 95 46 104 29 17 57 39 
22 94 93 97 69 106 71 60 84 71 60 104 71 69 109 19 99 57 108 52 28 69 22 
29 107 58 82 26 17 81 107 18 66 42 58 77 38 71 27 12 84 29 58 45 41 10 106 82 57 105 24 27 16 
28 105 13 37 30 81 45 101 78 53 109 10 53 28 90 14 46 93 40 65 93 75 96 93 72 69 93 19 83 
21 77 62 58 33 90 78 104 25 21 25 20 73 77 16 91 10 72 27 45 103 83 
19 68 21 64 82 32 47 43 58 99 11 10 47 34 90 15 80 57 27 47 
29 42 67 74 23 67 88 41 102 81 66 72 40 77 26 64 100 63 98 100 105 51 100 42 75 33 48 97 80 17 
6 90 49 44 106 14 101 
6 45 45 56 101 107 38 
2 24 45 
24 29 33 53 24 74 95 57 91 18 47 78 41 106 55 21 97 89 70 101 32 45 89 67 43 
1 65 
5 43 79 59 96 98 
3 91 13 98 
20 12 79 37 49 99 20 97 45 32 84 76 44 27 99 31 106 56 64 77 63 
29 62 84 27 101 73 51 34 28 39 53 82 60 81 73 102 91 60 37 65 86 55 99 103 96 20 100 95 27 19 
29 47 71 23 17 62 38 58 39 108 40 82 80 42 53 43 34 87 45 13 94 21 59 36 14 45 98 104 82 15 
24 21 53 27 86 60 31 14 60 60 12 42 33 34 75 28 67 51 57 54 55 42 65 56 68 
22 43 56 16 16 62 71 27 57 40 103 59 62 59 109 64 61 94 39 37 59 58 46 
21 105 90 97 89 45 43 47 56 77 46 14 83 50 28 52 97 10 97 98 14 46 
28 69 49 33 98 76 82 98 12 25 46 92 12 25 79 46 63 77 65 51 34 90 91 52 32 78 52 71 66 
18 107 105 68 98 29 108 64 53 97 18 20 33 100 23 100 21 11 105 
9 18 46 64 98 27 106 72 95 101 
4 103 100 82 51 
21 22 22 108 76 65 95 36 76 70 78 41 61 89 94 56 19 102 93 74 42 10 
3 104 48 13 
20 93 55 103 34 55 15 46 54 33 54 91 59 72 52 27 55 55 58 39 53 
28 83 36 31 15 89 96 61 79 51 30 62 97 75 39 94 80 75 38 55 71 72 104 85 66 73 30 11 21 
12 54 78 84 33 52 41 12 38 92 33 79 64 
16 18 29 14 103 51 32 83 96 45 45 90 21 101 105 93 54 
27 47 99 37 73 74 79 105 28 59 39 51 28 94 26 89 13 83 82 55 105 55 41 92 91 74 55 34 
30 39 79 28 28 68 55 43 32 76 90 102 25 20 43 95 104 59 74 59 84 46 56 31 44 40 14 25 104 59 49 
16 40 18 33 58 28 30 92 102 96 72 94 11 34 79 49 28 
12 13 30 55 102 76 77 36 106 81 103 52 30 
3 10 61 103 
26 61 73 106 95 18 44 58 102 46 82 72 85 53 43 40 25 40 32 91 107 58 40 78 51 82 51 
17 34 54 81 10 105 96 58 91 104 92 91 49 28 15 11 55 58 
17 38 25 78 60 107 76 61 89 96 54 13 37 32 38 81 103 38 
10 90 86 10 84 68 91 23 39 96 76 
7 97 14 64 12 83 67 61 
2 18 40 
8 62 44 67 85 72 90 30 52 
30 62 80 61 89 90 42 102 19 81 21 46 20 77 52 74 50 109 26 93 17 108 71 22 42 80 49 56 60 21 50 
13 74 20 63 53 101 96 97 62 19 108 50 29 28 
14 45 68 44 61 104 52 12 65 16 96 87 107 43 37 
19 35 39 82 46 45 25 89 31 65 41 92 63 82 63 81 17 98 92 51 
13 86 45 104 93 103 90 22 100 75 101 109 53 83 
4 89 18 101 20 
20 56 51 73 61 75 26 33 34 66 67 76 58 95 63 104 30 57 37 42 47 
3 33 98 45 
17 22 76 14 13 86 95 59 80 10 62 97 26 85 22 35 94 40 
24 31 93 78 103 92 105 35 82 49 11 70 37 59 82 55 16 37 84 53 38 106 54 91 93 
23 18 57 47 55 87 73 76 23 93 70 57 88 47 29 79 100 90 106 50 14 104 108 94 
9 51 22 74 47 55 57 12 64 57 
10 61 86 64 27 99 47 39 47 77 29 
19 47 19 98 95 11 55 89 109 39 57 103 51 73 40 49 73 94 55 20 
15 106 96 40 75 38 78 105 27 45 76 35 82 85 24 20 
8 69 99 38 50 99 83 43 14 
25 82 77 50 27 39 26 75 26 57 41 106 25 88 23 12 54 100 85 81 14 47 58 25 88 39 
18 29 12 51 34 68 23 53 109 93 83 25 58 51 24 89 47 39 19 
23 42 63 102 69 35 59 106 35 26 36 16 34 56 19 75 32 29 40 75 80 75 48 48 
7 41 62 55 78 92 65 32 
17 70 25 35 95 74 83 73 42 61 79 66 107 88 83 29 60 66 
6 30 83 85 68 49 17 
22 47 37 55 54 60 21 14 75 98 52 91 23 15 23 74 84 32 72 15 57 43 65 
26 28 37 39 56 96 78 63 59 67 90 104 11 92 67 16 57 55 58 90 68 15 56 32 89 30 46 
7 77 80 53 85 50 81 14 
7 19 34 101 20 92 34 14 
16 16 23 51 16 68 51 48 78 56 94 52 88 14 89 24 34 
12 68 109 51 91 65 90 100 41 33 10 75 109 
17 11 16 79 52 74 89 46 12 109 44 97 51 22 53 82 89 77 
14 47 76 77 80 83 109 22 15 32 74 80 32 30 81 
1 51 
17 54 82 12 108 81 98 47 74 11 91 47 90 10 20 79 77 39 
20 50 38 61 107 61 25 78 83 97 101 15 90 67 59 62 21 109 85 10 47 
10 63 80 86 43 80 49 64 99 78 103 
23 107 106 89 58 21 109 83 60 101 88 40 10 89 44 22 40 19 74 29 10 27 99 87 
3 22 78 66 
12 46 11 45 95 107 25 95 70 76 68 20 67 
9 50 68 29 84 32 60 45 48 31 
16 65 21 74 19 33 42 27 86 31 28 22 16 77 89 102 37 
28 12 99 65 53 39 75 72 65 49 74 52 87 96 87 94 59 104 103 34 88 72 10 109 90 74 68 109 105 
1 36 
4 14 25 10 57 
17 27 72 13 66 36 55 43 74 32 27 75 78 72 99 57 34 52 
27 66 16 66 65 64 68 43 109 73 10 109 72 106 26 34 61 34 13 106 67 29 80 36 95 49 50 84 
17 26 26 94 82 85 51 89 39 61 22 90 24 22 89 87 70 57 
24 21 81 66 69 90 86 39 68 23 78 108 97 16 24 14 53 48 41 46 27 22 97 91 102 
23 55 81 41 67 80 46 78 103 103 37 35 31 18 93 44 87 43 83 45 109 87 88 99 
1 24 
7 82 12 49 74 66 94 97 
30 51 67 85 71 12 30 50 37 103 58 72 37 87 105 11 23 56 40 53 45 101 20 103 25 74 42 90 82 78 77 
2 19 87 
19 80 89 69 72 17 62 21 31 42 50 79 95 63 25 77 59 13 20 69 
7 36 85 91 68 57 59 35 
29 69 12 58 91 44 69 54 103 74 17 24 106 57 93 43 63 109 10 64 12 73 23 60 99 98 93 57 97 43 
25 55 54 89 103 87 23 63 83 16 27 90 30 75 90 14 60 95 65 12 49 19 75 14 21 16 
5 105 15 41 38 40 
17 34 71 31 11 84 36 37 90 105 17 62 22 49 18 72 34 73 
16 73 34 92 77 46 99 73 41 104 104 21 86 80 45 47 54 
9 73 32 25 105 80 85 58 92 76 
27 107 101 82 24 16 106 106 36 42 95 99 25 42 94 36 70 16 23 108 12 12 71 35 79 67 105 54 
18 39 21 75 36 64 47 50 70 96 99 96 80 84 38 96 68 22 74 
20 28 88 79 31 90 92 108 59 49 55 56 58 84 19 24 63 73 13 55 85 
22 44 24 22 71 52 60 81 64 24 100 34 102 21 107 34 104 105 36 95 102 34 44 
28 43 10 82 58 65 27 33 107 14 47 71 27 89 21 98 95 35 41 72 80 52 69 56 46 17 82 84 109 
7 70 28 91 70 100 39 25 
1 63 
5 74 100 35 91 32 
17 79 69 24 62 31 46 105 91 92 93 50 17 67 49 13 79 68 
18 91 58 76 59 18 29 23 34 72 49 67 46 37 37 105 103 41 27 
20 36 60 22 72 100 81 81 39 84 51 49 21 32 50 40 81 58 59 95 35 
4 86 92 109 65 
12 57 59 103 74 88 81 76 52 43 18 23 15 
20 50 56 39 13 30 79 43 102 79 93 39 104 108 67 39 108 22 100 55 71 
26 71 50 17 89 44 50 97 58 55 38 98 53 67 101 74 88 87 66 58 22 47 104 20 104 85 70 
9 28 67 30 63 28 22 70 59 108 
12 98 56 108 27 96 52 84 40 16 15 17 24 
6 29 61 61 39 107 37 
11 17 55 109 89 108 80 101 69 29 52 22 
9 98 72 35 37 14 61 67 72 66 
5 86 23 45 89 75 
27 38 102 68 46 47 68 25 97 38 69 108 57 11 20 17 51 83 94 78 39 98 87 102 106 103 30 20 
29 10 85 55 90 77 65 26 66 23 94 53 103 53 104 103 106 66 10 47 91 47 68 21 35 45 65 31 39 85 
22 19 85 68 16 66 35 72 34 43 37 18 39 31 13 33 24 109 89 24 99 71 13 
18 82 38 92 37 60 73 64 43 83 40 102 89 48 79 51 72 13 79 
14 42 100 36 17 66 88 96 32 77 57 36 24 81 64 
19 60 66 22 15 100 47 97 92 26 87 13 20 101 16 89 24 100 31 103 
8 39 81 46 61 100 45 87 14 
30 94 14 71 50 78 76 92 15 15 26 32 92 30 42 36 88 73 50 79 46 95 28 75 66 64 26 56 52 56 12 
22 40 69 72 32 37 91 15 95 48 31 17 83 51 101 109 82 16 101 51 52 87 21 
8 95 28 85 42 70 31 96 23 
14 55 85 36 35 18 93 20 57 14 79 82 108 22 81 
21 28 72 73 22 49 84 29 35 102 56 19 14 78 57 27 33 55 55 11 80 63 
25 42 62 51 63 86 49 75 57 71 93 20 86 105 11 60 76 88 105 22 97 109 42 45 79 18 
11 24 19 12 29 104 96 34 45 49 10 36 
5 58 49 49 20 25 
27 73 27 14 52 22 78 91 74 63 26 95 71 58 109 32 12 80 26 98 56 13 89 57 39 45 57 78 
15 19 45 22 82 63 78 24 27 47 106 43 100 74 28 13 
16 79 35 29 102 104 18 48 107 49 95 89 85 94 109 11 103 
6 76 76 98 44 42 67 
2 90 101 
4 107 19 78 72 
12 56 91 33 50 51 71 99 91 109 78 18 93 
11 19 87 65 85 105 105 20 37 62 43 70 
26 109 67 67 77 29 98 23 62 21 15 56 34 105 89 33 25 97 17 45 58 94 100 86 89 47 48 
19 52 81 28 47 80 37 104 100 56 44 13 61 55 71 107 32 66 38 55 
2 25 62 
8 73 98 59 101 29 49 39 88 
12 11 58 28 33 86 75 75 84 109 31 87 107 
13 36 29 48 64 74 19 79 79 78 95 67 80 86 
30 19 68 17 100 21 17 70 44 45 87 62 72 87 83 49 36 65 76 107 103 30 23 64 52 92 85 89 102 55 17 
2 64 75 
21 106 38 49 18 25 85 96 77 47 25 50 38 51 105 56 48 50 29 61 56 23 
7 31 102 40 76 61 61 82 
10 93 30 107 32 39 22 59 25 89 48 
21 81 29 33 76 75 23 68 94 26 15 59 64 36 51 94 55 55 97 79 76 80 
11 73 55 81 38 56 96 17 95 78 89 14 
4 107 31 66 66 
29 34 23 17 89 49 11 73 46 56 61 16 22 83 58 37 28 29 65 75 67 25 12 35 56 68 78 53 89 86 
22 47 10 74 107 89 66 108 105 102 54 56 60 18 81 60 97 52 79 53 17 36 68 
12 13 14 29 33 109 60 61 13 50 62 77 47 
14 33 45 88 78 41 86 80 101 58 31 88 100 52 31 
30 31 41 72 34 97 91 10 97 93 61 100 33 65 19 22 49 95 57 79 15 40 56 85 83 56 106 62 98 101 35 
18 22 67 109 98 106 42 98 45 25 102 87 101 109 97 13 100 34 13 
11 39 95 68 14 69 66 63 73 54 54 98 
24 18 107 42 106 104 26 47 91 93 91 69 84 90 108 40 33 32 95 93 61 32 103 17 91 
22 22 54 55 18 95 88 26 92 72 75 38 88 12 20 71 93 31 98 25 29 80 48 
12 17 83 54 39 28 13 73 29 26 69 26 34 
25 104 103 89 18 68 17 96 70 79 10 105 100 50 72 71 20 11 64 27 36 108 108 55 12 71 
7 80 31 43 56 27 89 49 
17 50 107 66 36 19 87 88 66 30 28 29 91 38 82 46 107 60 
7 106 57 98 67 26 20 40 
10 67 58 90 58 54 30 108 62 109 69 
21 87 26 60 106 97 41 86 21 29 84 71 16 32 71 56 41 87 67 72 88 76 
13 20 24 68 41 22 21 92 82 103 21 50 53 17 
20 36 46 100 56 72 13 14 94 74 60 25 103 69 39 81 35 53 92 102 12 
26 14 75 109 38 68 20 78 63 80 57 89 16 99 87 78 103 91 14 19 94 81 65 105 63 88 31 
17 70 23 60 87 79 25 38 60 83 49 28 36 19 28 68 77 17 
16 97 62 79 101 24 15 24 79 10 77 57 83 26 70 48 76 
20 18 92 28 68 17 67 38 44 28 108 54 95 68 89 82 72 10 25 86 15 
30 107 68 59 107 41 27 19 80 93 108 40 27 78 50 35 87 78 21 57 29 65 42 87 96 66 49 97 33 78 54 
24 27 12 64 24 44 81 33 66 16 84 96 34 104 36 59 82 56 22 29 75 77 14 104 15 
23 96 102 46 64 99 51 81 101 105 48 87 28 23 95 34 49 81 10 44 59 11 68 106 
14 39 23 42 95 70 48 108 56 92 44 62 33 37 85 
18 32 23 54 102 89 92 78 28 63 79 14 13 32 72 61 46 54 26 
11 39 86 20 37 84 103 23 36 26 50 12 
26 24 77 90 68 56 72 37 27 77 58 31 32 80 46 35 68 90 52 89 71 80 51 51 55 44 64 
2 13 57 
16 48 23 103 80 82 101 94 61 70 14 61 44 88 83 80 14 
3 12 108 73 
4 78 14 66 75 
12 73 47 56 20 24 46 85 69 69 109 13 53 
1 73 
30 63 107 88 37 29 92 21 83 90 84 99 10 40 55 76 83 18 65 81 80 31 18 56 91 77 107 94 72 10 109 
25 63 59 102 90 30 36 101 104 68 27 45 68 10 90 86 83 51 41 55 73 15 15 19 96 82 
10 32 96 69 31 10 22 32 54 55 53 
1 46 
20 38 16 34 49 16 66 25 89 107 109 86 71 14 91 32 52 15 43 74 102 
3 47 54 15 
3 99 60 17 
30 48 106 50 54 82 41 60 90 108 92 40 107 20 101 63 102 75 57 107 109 73 51 53 63 48 58 75 37 60 82 
19 51 30 40 47 54 71 50 34 70 32 64 19 94 107 25 86 25 72 36 
7 36 29 19 89 67 20 106 
27 22 78 85 63 50 15 101 94 77 41 18 37 15 25 98 99 22 13 28 37 76 54 103 54 25 13 85 
4 75 81 71 87 
22 46 41 41 104 84 77 71 15 85 50 72 52 38 61 65 94 79 44 12 75 90 56 
14 45 31 68 10 54 29 87 45 66 70 28 60 44 95 
4 101 22 65 63 
26 45 15 72 29 36 106 31 54 38 29 87 73 102 45 73 46 64 103 33 72 15 51 74 50 88 37 
12 101 44 47 108 80 52 22 99 30 18 73 74 
20 92 51 62 37 38 78 73 93 23 49 55 28 42 20 68 21 99 52 64 34 
20 14 104 83 26 45 103 86 60 20 75 95 13 28 22 42 48 37 77 61 76 
5 79 61 84 90 72 
27 32 78 102 63 82 48 36 98 35 81 74 86 91 40 23 95 10 35 79 100 14 46 51 33 10 20 84 
8 100 46 105 74 66 97 27 38 
26 105 26 60 77 42 36 10 24 49 47 76 26 16 66 83 52 107 106 105 70 80 32 12 68 27 29 
25 66 46 52 91 42 20 41 109 104 20 61 19 11 99 85 80 105 94 53 100 91 49 95 103 71 
30 58 29 38 77 43 94 13 37 75 97 99 58 48 93 68 100 102 70 89 30 40 84 66 35 26 99 74 63 93 35 
23 41 106 102 108 39 86 63 18 103 51 107 52 41 90 62 31 35 74 62 107 56 89 63 
22 105 52 97 59 87 74 23 18 70 16 68 99 92 74 59 38 67 56 80 98 37 84 
21 14 49 72 11 95 51 64 67 99 58 54 48 36 19 61 96 79 67 107 21 102 
2 70 30 
19 69 52 16 96 26 78 100 65 93 53 103 86 107 60 75 107 56 65 33 
8 17 72 87 26 69 50 70 30 
3 90 100 21 
25 106 59 53 27 101 60 10 44 53 38 93 103 104 91 102 11 66 109 18 28 38 87 87 30 47 
10 83 80 49 46 54 98 96 49 15 87 
11 67 22 43 95 105 89 41 38 81 43 95 
1 103 
16 61 32 43 81 70 44 106 40 84 43 36 72 29 76 29 58 
27 86 22 51 23 18 30 55 98 101 40 83 24 85 39 27 108 24 98 68 58 95 50 84 28 28 46 99 
7 17 99 54 93 12 96 107 
3 68 104 60 
21 86 34 26 61 15 43 59 29 83 69 29 68 61 104 38 32 92 79 68 100 69 
16 35 23 51 84 85 109 30 35 11 106 11 79 10 16 64 11 
18 38 71 59 48 74 53 29 96 87 50 107 29 61 62 55 74 55 29 
30 106 102 27 60 98 28 29 98 35 84 100 64 64 13 13 54 29 108 25 68 86 66 17 57 69 69 102 34 66 74 
6 62 66 42 12 106 13 
15 47 38 58 89 44 64 44 48 60 63 46 76 73 74 32 
1 22 
2 39 66 
8 47 82 35 100 90 67 54 87 
1 28 
27 50 28 55 85 82 89 75 85 94 11 51 58 28 25 28 40 58 10 48 16 99 21 41 89 101 50 86 
11 63 104 96 55 23 41 30 47 72 95 22 
10 49 15 57 67 30 27 49 79 79 87 
18 21 50 68 100 42 60 28 14 13 23 101 11 88 84 31 77 47 69 
23 98 60 47 45 69 68 14 108 89 36 85 16 47 26 74 89 10 76 108 14 32 73 57 
4 103 32 106 70 
12 17 102 109 67 40 96 26 50 52 76 29 30 
3 35 67 20 
2 99 72 
30 49 28 91 64 76 14 57 98 63 17 61 70 62 60 80 44 98 96 36 40 63 55 61 57 32 70 19 25 11 33 
5 50 51 18 104 17 
15 103 57 27 11 108 40 15 10 10 49 50 48 75 33 53 
13 36 52 46 48 61 61 50 36 87 42 78 95 89 
8 12 82 85 81 35 35 11 40 
9 11 31 28 102 96 103 45 10 29 
19 46 68 91 49 108 18 27 40 86 64 71 13 18 44 40 90 69 66 91 
21 96 45 21 66 37 60 60 72 60 31 50 49 89 32 88 39 40 57 22 68 64 
24 71 72 17 102 52 29 10 86 19 48 21 82 104 48 84 54 10 35 28 103 26 107 77 104 
20 59 104 101 17 58 26 78 72 34 22 15 53 74 91 14 12 102 38 107 92 
4 103 44 90 21 
28 106 71 56 52 50 105 98 93 12 46 109 33 61 85 45 66 80 62 99 84 64 43 65 13 25 68 107 59 
1 70 
10 96 83 85 90 23 81 79 106 35 67 
29 58 18 33 46 26 104 98 15 30 104 100 37 108 15 95 57 17 85 17 46 23 91 73 56 56 96 77 105 22 
7 53 22 47 28 58 63 74 
19 21 95 93 11 74 91 69 60 38 76 87 97 64 53 78 79 51 77 66 
9 72 30 46 67 42 83 85 91 89 
1 79 
3 87 14 105 
22 95 64 53 23 82 83 11 36 78 31 106 19 50 14 79 12 34 15 21 18 41 49 
30 20 41 21 62 70 25 109 11 63 64 107 76 88 32 29 15 100 103 63 109 43 19 30 98 43 35 109 51 66 100 
4 28 31 56 32 
