12 20 10 4 2 6 2 17 6 11 4 14 12
14 9 4 9 4 15 10 11 8 20 15 11 10 17 1
14 5 8 14 2 18 3 6 5 18 7 5 3 16 7
17 15 17 19 9 11 7 18 12 13 18 17 3 3 8 19 4 3
17 2 2 19 12 14 14 2 8 10 6 11 9 20 7 13 8 14
18 6 9 18 11 8 4 16 19 4 10 16 5 13 16 10 3 8 13
19 11 14 2 5 13 1 15 15 10 4 18 9 16 17 14 16 2 18 9
20 12 4 19 6 8 8 7 14 13 13 13 3 12 1 3 12 16 5 4 3
21 16 15 7 17 7 9 4 12 2 9 3 8 17 16 10 3 11 20 11 7 6
21 9 9 17 18 15 19 10 19 13 7 6 13 9 13 2 12 20 7 9 20 13
23 1 16 14 1 14 3 17 19 12 6 9 20 18 8 13 8 6 14 19 3 15 1 16
24 3 13 14 1 17 13 17 7 1 20 20 19 1 3 17 19 5 20 17 14 1 2 5 18
25 7 3 13 6 4 15 8 1 10 16 3 18 16 13 10 11 10 17 18 12 19 11 15 5 5
26 1 11 2 6 5 3 12 19 17 12 4 15 19 18 9 10 13 13 18 10 17 15 9 19 8 6
28 1 10 2 1 17 4 6 16 2 8 2 1 5 11 17 15 20 10 2 1 5 11 20 2 4 1 18 9
28 11 9 5 13 14 8 6 3 13 11 4 7 5 18 5 11 12 11 18 5 4 11 20 20 14 8 18 4
28 3 18 13 11 8 15 11 11 9 11 19 1 13 10 7 1 3 5 10 8 12 7 15 5 6 20 17 17
32 6 8 11 4 10 8 14 19 7 9 6 20 16 20 18 1 8 13 4 20 18 3 15 1 6 17 16 3 4 16 12 10
32 2 11 5 12 8 2 17 20 6 20 9 20 3 11 17 16 5 7 9 10 15 18 12 6 5 8 16 19 19 16 17 3
34 5 14 4 16 8 2 1 4 7 8 13 19 4 17 7 4 8 8 5 5 10 3 2 2 5 2 1 15 16 16 2 11 3 15
34 9 19 13 18 17 3 14 11 6 5 10 4 17 4 6 6 18 11 7 12 1 15 8 3 18 4 4 20 9 16 17 2 18 11
35 7 9 15 17 7 16 6 2 12 4 14 16 1 3 18 4 1 20 6 1 20 9 13 4 10 5 3 9 4 11 7 8 17 9 8
35 8 4 10 18 10 15 17 9 11 15 9 9 13 15 1 9 2 8 8 14 12 2 5 17 19 15 9 1 19 2 19 19 18 4 13
36 10 6 17 18 4 2 20 14 13 12 19 6 20 7 13 12 17 19 1 18 20 11 4 2 8 8 15 7 3 1 18 19 6 10 3 15
38 8 8 11 19 18 13 19 20 5 19 16 7 9 20 1 9 14 17 9 4 15 15 18 7 13 14 13 13 9 14 6 15 19 4 4 7 18 3
39 2 5 12 11 6 6 9 11 15 19 8 13 4 11 10 14 18 7 15 1 9 11 10 1 20 4 14 11 7 13 20 7 7 10 8 11 10 9 15
39 7 20 1 12 11 8 1 12 8 17 14 10 16 20 17 6 8 11 5 8 8 18 8 12 1 17 14 5 14 17 12 18 7 8 16 2 7 4 3
40 4 12 7 5 18 12 20 16 6 4 2 5 16 6 14 12 9 16 7 2 18 20 18 9 18 13 7 10 9 5 10 20 17 20 4 8 19 16 1 11
43 7 3 13 18 8 6 11 19 4 7 7 4 1 4 14 16 6 15 3 3 7 1 7 11 13 16 8 19 18 4 20 2 12 19 4 16 6 11 4 2 7 6 16
43 17 7 8 1 4 20 2 1 18 19 14 10 12 4 2 8 9 13 3 4 19 12 11 11 14 4 8 7 13 6 16 1 19 17 14 14 11 12 2 16 5 14 20
45 8 16 10 18 4 19 8 13 14 2 10 17 1 9 20 14 4 20 3 12 8 20 8 7 3 18 1 4 14 6 20 14 1 11 12 6 10 6 3 15 13 12 16 11 7
45 2 3 12 14 16 20 1 16 15 14 18 14 12 7 12 19 9 2 4 1 17 2 3 13 12 6 8 6 13 15 17 4 9 16 13 1 8 16 4 20 6 9 5 19 16
45 15 1 7 11 10 9 9 19 3 17 16 16 20 9 2 5 8 17 17 14 12 20 19 7 2 19 7 16 17 9 10 7 9 6 9 19 3 11 14 20 19 14 17 10 20
46 14 12 7 10 14 7 4 13 12 12 4 9 19 20 3 11 13 9 19 10 13 9 10 11 8 8 3 8 7 5 17 4 17 10 3 15 11 13 2 8 4 10 20 7 2 10
47 19 19 10 18 2 13 14 10 14 19 20 2 13 16 13 10 6 12 4 9 16 4 15 12 5 8 5 15 17 12 13 19 14 4 18 11 10 7 6 20 20 18 2 9 16 4 8
47 16 11 8 17 12 2 14 14 9 5 17 14 12 13 6 13 16 11 2 9 16 17 17 5 13 10 9 4 3 15 7 3 16 1 16 1 9 8 6 9 12 8 14 15 8 19 16
48 10 15 16 12 10 14 13 14 6 8 3 19 17 1 7 9 18 18 18 15 2 9 19 19 9 16 8 4 12 16 6 9 1 3 3 19 14 4 13 19 18 9 16 14 14 9 14 18
50 4 16 4 20 18 16 11 5 7 4 6 6 18 9 7 1 20 20 4 11 16 2 5 14 9 1 9 18 11 3 3 19 3 10 18 13 19 18 19 1 7 4 13 8 4 2 19 10 18 15
50 3 12 17 5 10 15 19 3 10 1 4 13 11 2 12 15 5 3 10 2 19 19 14 6 15 11 3 5 14 8 8 18 16 2 15 20 14 18 18 4 13 6 16 12 5 18 3 7 1 1
51 5 14 7 7 17 17 8 4 16 2 16 13 10 4 14 14 16 2 4 3 5 2 19 14 14 10 9 11 4 9 20 8 10 17 10 5 10 2 18 3 16 13 8 17 8 5 4 14 19 12 16
54 17 10 3 14 16 1 16 3 11 16 10 5 16 15 5 4 20 7 5 6 10 6 15 12 6 9 4 8 12 2 20 14 12 11 9 10 8 12 3 20 2 3 4 14 14 6 6 9 12 12 15 20 18 18
55 8 5 16 15 20 15 8 18 15 6 18 19 10 1 2 10 17 19 18 9 7 12 8 4 9 8 4 3 14 14 3 13 6 20 2 16 10 17 10 13 10 12 13 13 20 11 7 11 20 19 18 9 10 16 17
55 14 20 5 11 12 9 5 12 15 20 13 13 15 11 17 19 12 20 9 5 1 11 18 4 5 11 5 7 1 15 2 10 16 2 15 14 12 3 6 1 16 16 2 8 15 15 9 20 20 19 7 1 7 8 18
56 7 3 16 8 10 18 2 7 2 19 16 20 19 6 12 15 14 8 14 14 14 17 3 8 17 1 17 3 7 11 4 4 18 17 6 4 14 1 17 19 7 1 20 5 3 19 8 16 15 20 18 12 7 11 1 4
56 7 4 15 19 20 15 19 14 8 5 17 20 13 16 12 11 16 6 16 2 20 10 14 16 10 11 1 6 18 4 5 6 15 16 7 8 20 7 2 9 3 1 19 1 2 9 1 10 4 6 16 2 13 16 8 11
56 9 8 5 9 12 12 20 12 19 8 11 9 14 17 9 6 9 16 4 6 18 10 4 6 10 2 15 12 16 20 15 13 6 10 17 2 4 20 12 18 13 5 11 6 6 19 17 17 7 15 16 20 2 10 20 15
57 5 7 6 11 13 5 15 17 5 7 6 9 13 8 16 11 17 7 12 13 13 4 15 12 11 7 3 4 4 19 15 1 9 19 2 15 7 2 1 10 5 9 7 17 18 2 12 9 18 8 16 12 16 8 18 13 16
58 13 16 4 14 10 8 20 15 2 18 11 3 4 15 16 10 9 6 9 15 8 11 12 14 10 7 6 19 7 15 6 13 6 1 11 16 3 14 4 11 18 16 16 6 13 4 12 16 6 12 13 1 13 16 17 15 12 14
59 2 8 4 4 14 16 10 18 11 5 12 9 6 1 17 16 11 9 1 4 19 13 2 5 8 5 8 3 18 4 6 12 4 19 19 12 2 4 11 16 17 11 16 14 12 4 2 18 6 9 16 16 11 17 3 5 6 5 2
62 19 4 13 1 20 7 5 19 20 17 8 18 5 19 17 8 3 1 17 8 12 7 10 14 7 15 19 16 8 8 15 1 20 13 2 11 15 1 1 1 13 11 7 2 12 15 14 16 4 2 1 2 8 14 14 5 17 17 4 10 17 1
62 18 11 10 2 18 16 3 7 2 7 6 11 10 13 4 11 3 7 10 17 16 11 9 3 12 20 13 16 19 16 2 18 12 3 15 4 2 8 19 1 14 19 1 12 20 15 5 6 3 1 3 5 12 5 6 12 3 2 15 14 15 6
62 13 3 7 14 13 8 11 19 12 4 7 18 20 4 2 20 8 11 17 7 3 11 10 6 12 11 4 11 17 4 14 15 14 6 9 3 17 19 8 2 11 9 10 20 6 5 18 9 16 19 19 7 18 4 6 8 12 5 11 11 5 5
63 18 5 7 8 14 4 7 6 12 7 3 5 20 4 7 6 9 16 3 7 10 12 17 17 1 2 8 14 2 16 18 8 16 16 13 16 14 8 14 17 15 19 10 2 19 12 12 16 7 6 11 1 20 2 13 12 18 5 4 12 13 19 7
66 9 10 8 4 20 16 11 17 9 5 16 10 20 6 11 4 1 6 9 19 18 17 4 5 6 6 13 3 19 2 1 8 17 14 7 19 4 14 4 5 20 13 16 15 2 13 3 18 13 4 13 8 18 7 2 7 14 2 5 14 15 12 15 10 17 15
67 6 18 18 17 18 17 9 16 13 3 17 4 7 14 11 16 6 20 12 19 11 9 9 5 1 7 10 10 10 3 17 12 5 13 9 6 2 15 19 19 10 14 7 14 16 7 4 20 14 16 2 17 15 11 12 16 8 7 20 14 3 3 17 11 18 2 10
68 18 5 2 1 16 18 18 16 12 1 9 11 17 13 16 12 7 5 15 16 19 14 20 5 19 8 1 2 20 16 10 19 13 19 14 2 1 8 2 9 9 5 15 17 16 4 20 4 6 11 18 9 2 3 4 7 16 14 11 4 10 18 9 3 12 5 5 3
68 7 15 17 20 20 12 15 13 16 17 7 5 5 10 17 10 18 17 6 19 20 10 2 18 12 12 2 10 6 3 10 19 16 14 9 18 9 10 3 11 14 12 6 13 10 13 20 19 11 8 10 3 1 3 16 14 17 9 8 8 2 8 6 7 3 15 20 20
69 12 18 9 12 4 19 18 11 8 7 1 3 7 18 8 11 8 16 9 10 1 14 16 18 12 20 6 13 2 14 6 16 2 8 11 11 15 9 20 11 2 20 6 5 16 1 7 10 16 4 2 13 3 15 12 14 5 6 6 2 2 17 10 17 20 15 10 17 11
71 6 19 5 11 7 3 16 11 3 3 5 3 8 17 10 17 10 17 12 20 17 18 8 8 17 1 5 12 14 2 13 6 1 6 1 14 17 7 17 12 8 3 1 7 2 18 16 1 16 10 18 5 15 9 19 15 4 18 4 5 4 6 16 12 10 6 1 20 15 15 8
71 15 17 15 14 11 19 16 10 13 2 1 5 5 1 3 12 8 10 12 8 19 8 14 20 6 5 3 13 19 15 15 6 4 14 20 19 1 11 12 10 16 20 5 8 5 19 11 18 5 16 6 15 11 13 14 13 7 13 4 17 17 5 11 7 12 19 9 3 4 1 5
71 17 6 6 13 7 4 19 3 11 16 12 2 1 11 3 19 8 5 3 2 2 9 3 11 2 14 20 17 9 1 5 17 11 17 9 5 6 18 11 5 10 7 19 4 4 13 1 4 6 2 16 5 20 19 18 4 13 19 19 7 7 3 2 11 1 7 20 2 12 2 6
73 13 18 15 4 5 8 18 9 1 5 8 7 13 3 1 9 19 2 9 1 15 18 9 14 11 7 4 14 7 15 18 4 2 20 20 14 15 2 18 16 19 10 16 11 17 2 10 4 3 2 2 13 10 11 16 20 2 10 15 20 18 11 18 4 2 16 17 20 8 12 9 12 4
73 17 11 20 8 9 7 18 8 2 10 5 13 7 17 3 8 14 10 14 14 15 5 8 17 20 6 8 15 6 9 19 16 7 18 9 5 8 12 16 1 12 17 19 3 4 13 3 4 12 5 4 18 16 8 19 18 17 16 5 17 17 6 3 5 13 19 9 2 2 17 15 13 17
78 10 11 12 2 6 7 5 16 2 11 15 16 11 6 5 8 1 1 15 13 8 2 9 8 17 9 11 3 4 5 19 5 1 11 16 10 9 4 12 18 12 10 18 2 20 13 7 6 17 16 2 9 5 19 10 4 1 2 11 18 6 13 7 18 2 5 5 16 15 11 16 3 4 1 20 19 13 13
78 20 12 9 17 15 7 19 17 19 2 3 13 15 17 15 15 7 4 15 17 16 6 9 10 13 6 20 7 15 1 2 15 18 1 5 12 6 19 14 20 17 4 8 8 11 12 6 9 11 8 18 2 6 12 14 11 11 18 6 2 10 13 5 7 18 7 20 9 15 13 17 4 15 18 3 19 9 8
80 20 16 2 9 14 9 3 16 2 5 15 5 7 4 16 15 17 7 11 11 11 4 16 2 9 9 5 8 4 5 5 18 5 19 10 3 9 3 8 4 9 20 11 19 19 2 15 16 16 4 2 14 1 9 8 20 8 14 1 15 3 9 5 4 4 8 9 12 10 3 2 17 10 2 17 14 7 2 10 7
80 15 9 3 17 4 6 16 4 15 5 14 16 1 10 17 12 17 16 9 12 16 17 17 10 17 9 13 10 12 13 14 19 2 18 19 4 17 10 19 11 10 2 6 9 7 20 14 5 14 19 12 5 20 18 3 5 16 16 17 17 8 19 7 14 3 11 8 19 13 2 18 11 10 9 5 20 18 17 2 20
81 4 12 5 5 8 6 13 9 14 17 17 13 8 18 1 17 11 10 18 3 10 15 16 10 14 17 7 10 1 19 5 17 10 18 12 2 10 16 10 19 2 14 8 19 4 7 6 17 19 16 12 5 5 3 18 1 13 19 7 2 6 13 6 17 16 10 17 13 8 14 20 10 19 6 4 19 10 4 12 14 14
82 17 6 7 1 5 8 18 1 16 16 9 3 6 1 14 10 7 18 8 2 15 10 16 16 3 18 9 13 6 5 12 6 10 19 14 12 9 4 8 1 18 8 7 16 3 17 15 12 4 7 14 8 19 11 5 6 4 13 9 5 4 13 20 14 7 17 18 7 16 17 1 13 9 13 19 7 17 10 8 8 12 7
84 10 7 18 13 1 3 17 8 2 14 9 1 12 13 1 1 12 9 12 4 17 17 11 8 13 15 6 20 15 17 14 13 2 1 19 2 5 4 17 5 16 13 6 3 8 19 1 14 12 13 15 17 8 20 8 16 19 10 17 12 13 12 2 6 16 12 6 1 7 4 18 4 3 17 1 11 5 3 15 19 10 1 1 8
84 10 7 15 19 6 12 19 10 5 2 19 20 3 12 6 6 4 2 11 11 16 19 6 10 1 18 19 18 16 6 7 10 16 20 6 4 4 16 9 9 7 17 2 11 20 16 6 1 16 19 14 13 1 9 17 5 6 5 16 19 14 7 5 15 10 6 14 7 11 20 13 5 18 18 1 1 19 17 19 9 8 17 14 8
85 9 4 18 9 14 3 13 3 20 9 1 20 2 3 1 15 11 14 10 17 9 7 14 3 1 12 18 9 13 11 15 8 7 16 17 18 19 7 1 15 7 4 13 11 2 13 4 1 17 3 8 5 7 15 12 6 20 5 12 14 2 10 13 2 18 1 3 15 16 2 5 13 10 11 14 20 1 13 2 1 17 6 14 4 12
85 3 18 10 10 3 18 15 12 10 6 20 10 1 1 15 19 15 17 7 2 17 15 20 3 6 11 3 12 18 6 6 20 14 3 17 3 1 20 19 13 10 7 17 15 1 15 15 20 3 20 10 19 9 18 1 17 9 15 7 17 9 20 18 1 15 9 8 20 13 14 19 13 3 20 7 4 7 13 19 9 12 8 14 7 14
86 8 8 11 8 3 16 9 8 8 6 3 3 12 3 18 9 2 10 1 19 2 17 9 18 4 19 10 7 4 18 1 7 9 13 1 16 9 6 6 10 18 16 2 6 13 3 11 3 6 2 16 14 10 1 12 13 20 9 12 5 11 6 7 20 9 16 2 11 1 8 19 8 11 20 2 6 16 20 9 12 19 3 6 10 5 16
86 20 20 14 14 4 3 12 7 2 10 7 6 13 18 10 18 19 4 14 8 19 2 7 1 11 10 13 5 4 20 18 17 7 14 16 12 4 7 20 18 11 20 14 11 5 13 7 11 16 2 14 2 5 13 4 1 2 8 11 2 9 9 7 13 11 6 7 12 6 11 17 2 19 6 6 6 10 16 10 7 13 2 14 8 20 20
86 16 4 20 7 4 11 9 9 5 10 18 11 4 13 6 9 8 19 8 5 20 4 17 12 16 10 3 17 1 10 15 1 19 3 10 16 7 13 17 14 9 20 7 15 7 17 12 4 20 12 17 11 19 3 1 18 14 16 14 7 12 9 11 2 9 19 13 15 2 7 16 7 12 11 14 3 7 20 16 7 14 7 5 4 8 9
88 12 6 18 8 18 15 3 10 10 1 10 9 10 11 14 5 19 1 13 18 9 13 10 11 6 9 17 20 14 9 20 11 11 6 5 20 20 14 2 2 15 10 13 4 20 5 5 19 16 4 3 13 1 10 9 10 20 2 15 9 7 5 19 15 11 5 18 15 15 13 7 5 6 10 16 5 20 17 16 7 7 9 4 13 8 19 4 6
89 17 7 7 20 17 10 9 17 13 2 7 15 6 3 4 19 17 16 20 8 8 12 20 11 6 18 4 12 6 9 19 1 10 12 6 12 16 8 14 16 5 6 19 10 18 3 20 9 15 9 11 7 17 7 4 20 6 13 9 12 13 3 8 7 15 4 8 16 20 8 7 17 3 4 2 17 10 17 14 18 2 9 5 6 1 20 7 5 18
91 10 11 8 5 18 17 5 6 20 2 19 10 13 12 11 4 8 1 19 17 13 8 20 12 11 9 14 8 20 10 10 15 18 6 1 4 19 17 19 11 8 15 17 16 12 19 2 6 12 1 4 20 9 6 16 16 18 12 4 8 2 5 9 13 1 11 17 13 14 10 7 13 11 7 17 6 12 4 19 18 3 19 4 10 8 2 18 17 11 1 14
91 6 19 12 1 10 6 4 19 19 12 14 1 19 7 18 4 19 18 2 1 7 12 3 12 14 9 7 13 15 8 20 16 15 1 15 8 3 7 11 15 8 17 7 10 14 16 4 9 6 13 9 12 14 18 15 10 8 7 10 16 6 16 2 11 12 15 12 17 19 16 20 15 13 3 15 5 18 9 6 20 20 11 1 7 12 15 4 8 18 12 8
92 14 20 2 18 20 15 20 8 18 17 20 2 14 8 7 13 5 13 3 1 14 10 14 20 5 19 16 2 13 3 13 10 13 12 15 6 11 10 4 2 12 11 14 10 17 7 7 2 4 15 9 6 5 14 2 15 18 17 13 4 3 10 2 11 12 20 20 9 12 17 18 11 7 15 14 5 3 3 15 16 15 11 12 11 15 16 8 10 6 1 3 1
94 1 6 19 14 13 3 6 12 14 7 10 10 1 3 9 13 1 19 20 6 7 16 11 17 16 9 4 17 20 12 4 19 17 20 19 14 16 2 9 8 10 18 16 15 19 4 8 14 7 5 3 20 12 18 8 9 14 5 20 7 16 20 13 11 19 9 12 15 8 12 9 15 4 5 19 3 10 18 4 18 5 1 11 17 6 17 20 17 7 3 17 20 12 2
94 18 8 18 3 10 18 2 8 12 20 4 16 5 11 20 7 7 17 17 13 11 12 19 5 6 7 16 20 14 20 18 13 7 13 4 1 2 19 3 4 6 8 16 10 6 19 14 8 12 1 9 8 16 3 20 20 16 17 7 18 19 18 17 17 8 11 4 12 19 20 4 19 10 4 18 3 18 5 7 17 9 16 9 8 8 10 12 18 5 8 12 8 17 6
96 2 9 19 6 7 14 2 16 14 13 4 7 2 2 17 5 4 12 14 1 14 2 14 15 19 17 16 15 9 5 6 1 10 5 14 11 19 8 6 7 14 6 16 2 18 20 13 18 6 8 18 4 9 9 11 16 9 17 19 12 15 7 15 13 19 20 11 1 4 7 18 19 13 5 7 8 19 4 18 10 17 6 9 17 3 16 3 6 18 7 6 11 16 1 14 8
96 11 20 8 7 16 16 8 7 15 1 10 5 11 2 19 8 9 11 4 6 2 14 5 13 2 7 4 17 5 3 18 15 10 12 9 20 8 16 15 20 19 1 15 8 15 4 14 11 7 12 17 11 9 3 5 3 16 13 13 5 20 13 5 11 10 18 16 18 13 18 17 2 16 8 3 2 2 15 7 1 2 12 10 10 7 5 19 2 5 14 8 9 9 10 18 6
97 2 19 9 3 13 18 1 8 10 14 2 15 6 6 4 3 8 8 13 16 3 19 8 9 15 19 18 16 2 4 11 14 6 12 5 2 5 15 19 9 20 17 12 8 12 6 5 3 4 3 1 9 1 18 19 4 10 3 7 3 10 8 9 12 8 6 16 13 19 3 5 11 13 12 14 1 1 1 2 17 4 17 10 9 11 5 16 19 13 13 16 8 7 5 20 19 3
97 3 1 17 3 15 8 10 6 14 11 5 9 2 9 10 18 3 9 7 2 11 2 5 18 12 6 7 12 9 14 16 11 15 20 7 19 4 10 6 17 7 16 4 16 7 17 9 5 17 1 7 11 11 8 13 15 10 9 10 2 3 12 9 11 4 16 14 12 3 20 14 5 12 14 6 17 14 18 15 17 6 11 15 3 5 18 11 10 2 12 5 8 4 18 17 9 10
100 9 13 6 10 18 11 3 18 4 16 6 8 16 11 20 20 7 10 9 5 4 6 17 6 2 18 14 14 15 2 9 3 9 15 11 14 10 8 9 6 6 14 3 14 17 14 9 16 16 7 3 7 3 20 4 20 12 3 4 10 20 7 9 7 19 2 10 9 10 11 20 14 12 13 5 2 7 3 2 5 11 16 2 17 9 18 5 5 17 3 2 17 4 17 2 15 10 8 7 6
101 20 2 8 10 18 20 18 6 20 3 13 19 6 4 1 5 7 6 20 10 10 2 16 5 5 6 20 16 14 1 8 16 18 3 16 13 4 19 7 20 17 14 3 15 3 17 2 9 17 18 6 10 19 13 20 2 19 16 14 20 16 12 18 17 19 19 12 16 10 8 9 18 1 17 17 17 16 20 1 10 17 6 17 16 1 12 14 7 2 10 6 2 4 15 4 19 6 20 5 3 11
101 16 15 17 4 16 16 19 19 1 4 16 17 6 14 12 12 14 4 10 20 10 20 1 14 5 1 11 13 19 20 6 19 1 3 20 10 12 8 17 15 6 3 13 6 14 12 2 3 15 18 7 1 16 15 1 1 11 9 2 9 1 10 8 20 11 9 9 5 4 6 19 20 13 12 15 14 16 2 13 10 14 7 8 16 9 6 15 20 6 2 1 20 18 17 7 3 4 16 19 6 2
101 8 9 14 16 18 15 2 4 2 3 10 12 2 12 4 20 14 17 19 19 19 17 14 6 5 8 12 7 3 17 8 3 13 19 7 10 17 13 5 17 6 3 20 18 12 5 6 5 17 16 4 13 8 3 15 18 13 15 16 4 12 2 14 4 19 1 13 14 16 12 3 20 13 9 19 11 13 12 16 9 18 18 4 17 6 8 8 7 18 8 14 6 20 6 17 3 13 8 11 14 17
102 10 16 11 13 8 6 15 8 12 6 9 3 14 4 18 4 4 19 8 14 17 7 7 20 2 20 13 11 14 18 5 6 15 13 18 19 13 14 10 3 6 9 15 17 2 19 16 1 5 4 8 1 17 19 1 12 19 10 3 9 4 10 3 20 15 3 9 15 14 15 5 18 6 19 9 13 6 5 6 12 2 19 6 20 11 6 12 13 15 11 19 19 6 6 15 20 4 15 2 1 19 18
102 18 7 8 1 14 19 18 8 5 3 1 14 11 14 2 1 18 18 11 14 10 3 3 3 19 15 11 8 16 5 17 15 10 14 7 1 12 8 18 9 13 13 19 13 10 15 4 16 10 6 2 20 12 18 17 2 17 1 13 7 16 19 12 4 14 20 1 2 14 8 7 8 6 14 17 15 13 20 15 13 19 17 14 17 8 19 13 7 5 15 6 3 16 15 11 19 18 20 19 10 7 15
103 6 1 3 16 20 5 2 11 9 3 4 18 16 15 18 5 7 7 19 1 17 1 1 15 14 13 5 19 10 6 13 9 13 19 17 16 12 18 6 9 3 11 5 1 16 2 18 14 12 14 18 19 11 11 5 9 12 12 8 4 8 19 14 6 11 20 5 14 9 19 5 9 13 5 16 8 13 4 11 7 3 6 13 11 10 3 11 11 19 3 12 9 5 8 18 9 13 10 19 2 19 10 13
103 14 19 17 4 16 19 19 13 1 17 19 10 10 14 9 7 1 18 16 11 13 20 9 18 7 9 7 14 6 16 5 11 1 9 8 2 6 13 12 4 13 20 13 13 9 4 10 17 5 18 1 15 9 3 17 3 3 16 14 13 17 20 17 7 4 9 11 16 2 20 20 16 4 15 18 11 1 3 7 12 1 17 6 6 16 18 3 16 2 13 1 2 2 15 18 10 9 13 11 11 15 6 9
104 11 1 11 5 13 9 13 11 17 4 10 11 3 15 9 10 10 7 12 1 5 5 14 4 19 15 10 1 5 9 15 16 15 1 14 1 10 19 9 11 4 10 16 18 9 15 10 20 14 5 1 18 3 12 20 15 14 16 17 2 4 1 3 10 16 2 10 1 7 2 15 6 7 12 11 2 13 13 4 5 5 13 17 10 11 2 18 5 16 13 11 8 13 10 10 5 6 2 10 11 19 15 13 4
105 6 5 19 4 13 15 5 3 6 20 18 19 8 1 9 11 5 16 12 3 9 7 8 11 9 1 6 8 18 20 6 8 11 6 15 1 6 16 19 9 13 11 9 7 10 11 7 14 13 18 7 5 11 14 17 4 11 11 7 15 20 18 3 5 3 17 19 15 17 1 13 9 10 10 3 2 19 7 3 1 11 17 16 2 6 7 19 16 10 7 9 17 7 1 6 15 9 2 8 6 4 4 7 14 3
108 15 11 7 7 12 16 12 13 18 3 5 13 3 1 3 5 10 17 19 14 3 6 12 10 1 14 1 13 8 9 16 18 2 10 6 5 18 9 1 5 6 7 10 14 20 18 2 5 14 11 2 16 18 17 12 11 13 14 6 4 17 11 20 4 2 15 20 3 1 5 6 1 14 14 14 17 7 12 9 4 11 13 13 8 1 12 3 15 15 20 8 5 8 10 10 5 2 12 18 12 14 3 5 11 12 6 15 5
109 5 16 4 4 4 14 7 19 19 12 1 14 17 18 1 10 13 1 16 20 11 2 13 18 18 10 11 12 19 17 2 12 1 10 17 15 5 1 10 12 1 2 4 5 20 15 14 3 15 12 6 20 16 13 3 13 11 19 19 10 19 4 19 3 7 3 10 14 20 12 1 2 9 6 12 2 13 11 12 14 1 17 17 3 10 17 20 14 12 14 12 17 14 1 7 11 11 4 20 19 11 13 19 19 9 13 8 12 10
110 8 8 5 7 8 6 17 7 8 1 19 11 9 6 12 8 2 10 10 3 15 5 20 8 17 13 4 10 2 1 14 18 4 12 2 12 13 7 9 14 12 15 15 14 15 6 17 4 14 5 13 18 14 16 1 15 13 12 4 19 16 11 13 1 5 15 10 19 16 15 12 13 16 18 15 12 8 17 2 5 10 15 4 3 3 9 7 20 2 3 12 17 16 15 9 20 2 13 7 2 15 3 8 6 17 15 16 14 13 8
