2 157 81
5 229 38 234 209 243
5 95 231 115 107 122
7 217 10 190 152 212 74 3
10 31 115 255 44 205 157 125 67 210 13
11 183 45 229 237 23 139 48 128 85 231 25
11 242 115 167 39 189 122 172 31 190 225 67
11 248 255 216 139 62 175 102 177 101 230 98
13 175 155 239 45 66 49 158 196 66 208 66 92 49
13 214 60 76 95 55 200 197 62 190 147 63 214 219
13 75 167 220 173 234 51 244 46 241 150 120 84 84
14 199 7 10 24 24 195 85 229 42 173 97 212 152 222
15 167 220 102 48 226 107 174 67 64 163 148 54 29 38 178
15 189 96 150 81 134 228 166 151 88 142 165 93 25 141 112
17 176 126 120 141 86 169 212 224 15 6 78 70 136 98 82 214 32
18 161 154 20 199 223 96 6 156 57 254 131 73 214 7 246 201 25 166
19 163 31 248 100 45 118 80 52 156 133 163 226 113 84 229 111 76 135 63
20 229 156 75 236 189 226 32 232 18 144 112 161 237 207 83 41 48 238 196 134
20 38 36 159 23 216 195 32 17 233 107 76 91 50 16 6 73 240 107 193 28
21 79 106 237 80 147 217 117 79 134 215 121 106 20 83 58 154 203 216 116 33 126
22 175 235 72 158 205 84 222 9 71 14 237 252 155 69 171 94 245 218 240 156 74 1
22 188 112 137 171 36 160 109 215 133 216 105 0 11 184 106 156 164 29 88 37 163 37
24 95 156 73 42 148 211 17 85 20 191 53 183 136 150 142 253 26 144 119 239 180 23 194 179
26 170 135 227 107 164 111 106 240 161 235 0 44 159 100 89 106 239 170 213 146 211 2 85 14 25 131
26 57 190 147 119 134 165 139 135 186 75 252 204 95 24 187 55 106 78 191 1 93 23 226 36 248 99
27 111 217 22 168 203 39 202 98 19 31 13 37 228 129 57 248 55 248 138 110 17 100 168 56 73 117 204
27 173 211 148 219 206 195 94 215 12 100 117 223 78 63 182 197 188 116 53 145 136 8 174 147 41 19 194
27 74 74 148 72 111 73 61 180 222 222 122 167 48 61 176 200 130 180 196 144 94 216 119 64 160 142 235
31 144 55 244 169 137 11 17 48 175 198 252 51 64 245 143 214 86 103 236 172 103 60 76 167 9 122 11 105 125 45 6
33 0 225 176 60 147 78 146 227 33 152 251 1 222 16 146 214 235 56 125 27 101 35 166 126 171 113 90 141 26 22 85 26 247
33 197 2 171 109 18 29 40 169 159 215 133 141 150 79 26 183 143 9 173 139 193 243 146 202 229 235 70 253 140 114 109 81 117
36 56 86 32 98 214 240 87 242 252 177 226 67 193 183 149 222 67 147 109 221 69 33 80 195 81 172 215 190 144 156 175 200 243 207 42 201
37 112 237 180 8 3 196 173 91 177 184 220 243 37 137 149 171 230 147 55 42 46 4 162 148 105 171 34 176 59 30 190 171 11 115 179 14 55
38 127 229 229 139 158 81 211 111 235 203 131 206 87 64 78 145 156 234 186 156 64 108 16 178 101 185 176 73 58 35 113 185 9 86 69 167 168 24
38 137 131 29 215 54 82 174 228 101 27 194 125 194 43 224 92 247 110 82 211 163 70 255 105 22 21 223 60 31 223 26 169 98 55 128 152 138 47
39 207 109 155 243 114 115 173 197 35 71 88 228 68 26 229 5 231 56 135 227 1 88 35 169 91 143 161 106 247 20 164 198 129 63 185 243 179 103 184
42 115 65 107 226 118 227 153 241 208 141 85 20 14 71 76 235 7 97 103 171 36 35 126 132 49 147 6 119 145 195 163 4 4 15 231 122 242 128 107 194 13 193
42 9 193 101 136 46 24 49 41 101 234 158 227 164 155 5 47 160 155 42 132 140 184 71 179 34 101 245 209 203 82 9 212 19 111 92 66 135 142 107 237 120 9
43 143 107 117 249 52 138 211 225 94 123 94 99 34 238 60 57 69 80 79 26 61 20 45 211 119 110 15 11 71 239 200 214 90 61 208 142 199 163 111 38 30 206 137
43 157 154 152 19 203 138 206 82 241 145 41 217 146 53 166 142 162 225 120 186 154 169 185 76 255 19 92 227 113 35 78 14 189 230 33 136 112 239 218 98 128 4 59
43 172 65 49 98 173 73 52 126 11 173 165 216 213 12 18 243 150 133 196 3 14 2 153 17 141 69 165 240 89 197 173 5 6 222 104 179 39 156 49 51 73 215 11
44 152 237 148 169 126 82 111 189 210 143 127 25 130 191 96 70 2 200 238 106 33 235 199 147 35 18 113 255 206 190 5 103 172 154 16 42 236 127 232 190 14 103 216 144
45 138 54 97 109 27 235 238 49 131 63 186 191 17 66 79 16 193 176 175 139 245 22 230 211 193 90 105 215 102 234 232 240 32 73 93 59 53 75 108 184 138 38 119 155 105
46 243 91 206 220 159 228 175 64 46 156 82 66 33 56 232 59 230 118 132 63 111 53 119 183 122 237 243 100 68 129 241 56 220 192 20 124 164 195 188 211 96 14 21 129 70 253
47 238 15 151 144 160 9 66 91 104 115 254 133 178 8 122 129 57 167 38 147 213 143 127 37 169 198 42 150 121 85 85 103 101 237 247 5 246 57 96 94 172 94 227 94 102 93 223
48 123 240 32 124 43 192 166 45 150 97 246 204 105 28 226 15 85 154 123 10 253 14 68 60 41 159 71 61 32 11 249 155 251 25 23 38 217 190 84 111 31 74 60 137 102 30 152 188
49 0 208 124 209 35 119 114 108 82 58 58 5 114 105 41 226 92 16 205 204 134 240 118 192 247 58 97 144 128 162 25 128 114 150 81 149 13 195 2 95 253 60 101 112 165 142 82 2 159
49 146 226 122 149 123 73 189 153 4 86 117 26 224 247 11 190 96 104 197 254 7 237 179 79 170 110 90 22 185 1 216 75 227 82 225 95 155 158 248 159 244 109 186 213 100 197 147 196 45
50 198 95 77 94 223 157 18 162 199 124 171 38 133 219 136 33 204 249 37 185 167 251 44 100 0 58 160 42 2 214 187 200 54 8 38 21 165 57 184 108 181 99 146 58 62 27 91 11 20 128
51 236 20 112 217 86 58 161 59 229 58 32 169 0 14 79 27 7 213 87 226 138 192 251 93 168 144 204 178 209 53 178 189 73 34 150 159 92 55 218 65 114 250 235 114 9 58 141 16 15 228 242
52 104 243 149 236 244 132 154 102 148 242 204 160 28 29 8 7 221 56 94 170 240 63 193 194 242 193 182 172 83 90 250 187 77 143 167 65 19 65 167 167 51 116 71 79 145 80 86 110 136 180 25 120
53 77 163 114 62 192 147 92 231 5 140 62 69 155 133 189 84 57 221 133 232 131 30 240 230 182 118 239 88 229 248 163 50 155 22 113 91 169 205 66 174 90 128 243 245 5 177 74 63 142 207 39 17 237
54 30 64 15 154 103 92 34 121 3 219 246 240 55 102 186 61 148 188 27 54 241 143 225 154 31 110 191 80 140 70 5 170 134 21 68 237 113 103 102 116 66 92 100 122 195 31 183 87 219 210 141 204 97 110
55 136 186 82 102 176 157 107 241 104 25 191 136 186 30 0 249 90 189 216 251 32 201 170 128 19 244 252 252 85 38 247 221 225 73 67 145 230 175 130 78 200 65 214 130 95 215 123 185 148 84 180 180 29 94 53
56 161 219 8 192 26 100 71 234 221 144 10 144 154 207 16 92 159 64 59 117 145 127 145 114 87 198 55 9 3 61 134 165 24 142 101 51 242 173 29 207 61 40 96 216 247 112 52 150 176 112 11 66 239 157 180 70
56 224 155 141 102 143 55 109 188 45 52 143 156 55 83 123 61 37 169 125 229 29 223 86 105 148 52 144 73 46 199 14 14 98 155 117 241 210 226 173 255 22 60 156 78 143 23 139 180 192 8 153 221 231 240 70 123
56 73 254 69 27 223 230 126 152 167 190 136 26 171 72 128 137 27 103 6 15 143 25 135 5 112 182 114 241 254 212 3 71 210 72 99 178 46 225 74 213 159 210 240 74 26 112 211 53 215 218 69 103 243 204 108 99
56 84 128 178 87 200 133 159 43 55 205 12 129 163 171 84 147 245 110 3 200 164 219 162 233 66 149 181 174 248 55 140 76 183 62 163 127 195 66 170 250 16 182 124 179 97 208 70 86 62 73 31 226 36 193 203 102
57 187 105 209 104 145 29 194 80 58 193 164 204 184 11 177 29 6 32 101 69 143 147 24 228 218 9 65 203 100 213 138 31 63 92 135 208 121 73 32 179 10 196 127 194 208 48 223 214 81 68 28 224 215 52 197 178 61
58 205 49 206 36 43 73 16 184 228 71 66 109 188 139 28 114 234 154 247 34 21 42 55 183 106 235 71 182 156 106 13 105 155 219 141 199 36 158 127 8 229 193 118 162 76 146 20 55 44 12 89 65 54 144 249 161 124 64
60 74 131 254 245 103 190 100 114 4 116 91 189 198 223 248 44 100 139 88 232 113 158 166 155 80 183 155 248 108 145 98 182 21 96 171 124 30 15 238 35 131 73 224 73 41 216 117 141 99 206 118 212 108 28 111 188 212 10 181 64
61 237 80 239 86 57 220 184 251 47 181 244 72 238 53 24 128 81 58 209 20 179 112 236 153 94 176 45 100 187 87 232 168 167 215 254 224 180 183 220 227 108 208 44 90 6 68 219 87 126 172 108 49 28 88 203 122 8 248 223 195 79
61 255 31 124 108 59 235 4 149 146 32 74 254 238 62 190 37 65 23 207 207 216 253 174 222 38 13 158 238 12 253 146 11 28 15 119 87 250 123 236 140 155 55 138 137 117 72 174 182 95 126 133 55 123 51 21 162 64 180 144 76 177
61 46 139 45 172 36 17 72 243 113 220 175 42 150 68 91 196 48 252 155 152 85 46 33 86 104 123 57 125 142 31 103 188 170 148 105 206 166 177 193 23 141 113 65 35 181 157 231 230 153 131 126 239 177 159 69 25 26 126 150 169 157
61 89 146 239 232 159 3 18 28 247 124 135 141 104 139 192 230 222 12 169 227 65 247 239 157 26 33 4 53 60 64 176 149 210 159 125 113 163 144 141 154 12 20 39 117 159 231 91 126 243 5 97 52 252 80 209 22 113 213 76 173 21
62 229 229 111 87 213 124 110 242 12 235 91 48 106 69 163 244 222 169 189 55 217 116 52 149 9 115 29 225 124 160 145 98 133 0 185 90 124 39 76 136 18 167 185 124 236 92 112 202 5 45 1 222 162 53 115 171 168 144 141 37 48 30
65 143 167 76 104 225 255 36 4 145 248 225 130 190 190 174 221 251 85 129 61 205 162 118 170 238 12 248 235 213 176 225 100 88 45 205 57 44 241 61 190 233 31 64 168 221 238 133 216 67 6 22 17 169 140 187 151 152 179 131 109 99 100 210 187 145
65 190 144 50 124 122 81 188 34 46 171 167 7 238 174 29 255 87 169 186 238 65 109 113 175 209 213 129 140 103 32 129 37 176 180 161 42 5 93 76 52 8 244 59 247 162 88 246 249 1 177 231 66 30 89 241 239 46 114 124 149 146 253 186 67 177
69 17 235 57 151 153 28 216 169 101 71 28 22 31 43 76 83 231 238 225 40 19 86 162 151 104 37 242 122 106 133 30 124 112 88 19 9 116 235 178 218 50 206 240 81 249 61 164 224 43 134 8 62 220 171 213 68 208 199 190 58 76 221 182 188 53 202 198 169 181
69 188 212 231 130 179 140 185 230 160 250 131 191 198 152 184 249 95 236 71 171 69 30 0 10 44 70 172 121 178 30 139 110 242 114 241 165 254 170 140 158 164 15 93 106 167 22 99 6 2 171 177 71 201 177 81 245 247 254 110 170 28 249 24 14 108 9 179 106 179
69 50 74 12 183 198 39 214 25 3 83 78 108 97 205 201 169 110 213 193 115 88 129 136 136 20 144 44 149 189 146 214 239 220 226 166 162 9 124 187 13 207 9 121 49 215 67 218 69 24 155 184 112 28 64 248 48 208 36 197 141 182 155 124 146 126 34 52 135 159
70 94 115 124 108 29 165 130 38 102 200 181 162 96 141 97 237 120 64 62 153 128 58 9 184 189 63 3 47 120 227 85 215 86 210 67 116 119 198 154 222 142 79 128 238 220 226 220 84 34 26 237 162 84 246 91 18 53 94 65 174 66 151 133 152 105 200 12 224 142 166
72 196 133 170 225 158 10 108 86 58 69 70 173 249 225 94 131 217 112 10 80 193 234 205 115 143 222 70 25 15 28 139 211 161 53 181 63 63 33 149 121 102 220 39 95 189 133 227 150 245 237 231 182 215 180 42 102 146 112 127 161 140 10 117 45 64 42 108 127 75 1 249 177
73 112 142 68 93 182 62 84 208 174 117 162 157 103 164 113 78 226 186 93 206 180 190 156 191 62 133 58 88 163 124 18 19 11 86 112 193 148 196 145 67 57 51 224 160 215 82 238 186 12 75 136 193 10 36 128 72 169 187 160 76 55 178 95 66 8 207 4 157 147 149 224 204 201
75 210 126 60 124 1 9 96 250 34 44 158 214 62 11 24 43 155 221 82 121 159 8 160 199 127 150 127 247 84 241 201 39 112 5 163 113 14 3 107 48 48 9 6 110 20 30 153 176 251 235 41 154 243 201 97 115 96 225 106 180 210 51 219 66 56 126 179 70 130 30 118 178 39 124 32
75 64 192 221 131 16 48 115 169 39 67 199 46 223 76 138 31 164 235 242 228 89 250 37 37 113 100 245 5 39 121 115 103 57 80 234 73 128 94 242 168 161 186 214 128 6 96 160 170 75 146 142 164 140 179 201 253 23 190 2 62 56 117 166 113 197 144 187 70 238 173 238 144 103 196 16
77 129 105 236 227 4 20 37 231 222 62 26 97 56 57 90 168 144 14 79 179 171 29 246 224 207 102 0 224 235 89 207 108 194 187 79 198 207 116 173 173 179 200 14 235 1 105 147 145 119 227 68 34 0 59 3 207 161 3 175 140 93 126 249 31 58 72 230 9 189 147 183 112 91 197 91 92 46
77 165 252 183 178 38 249 118 24 120 5 184 80 176 139 237 55 42 207 19 91 48 49 233 54 116 4 93 38 113 7 186 23 4 113 201 42 107 63 66 227 68 251 51 244 134 32 43 177 239 63 12 32 112 246 86 228 250 180 10 108 187 196 131 191 54 76 234 161 139 44 132 208 39 184 196 174 216
77 251 134 239 85 24 104 167 133 198 210 192 22 143 175 48 221 85 99 192 154 229 108 178 41 115 2 55 104 177 225 208 172 104 191 1 128 40 168 6 238 122 198 4 9 117 52 231 203 151 167 101 124 19 23 165 134 26 220 238 203 189 190 119 37 126 120 166 166 32 172 148 154 114 152 164 232 204
79 34 109 52 131 223 248 245 193 147 190 194 155 171 194 44 14 113 212 118 84 83 156 70 223 117 223 204 20 111 222 117 145 75 169 21 42 161 10 235 53 200 174 208 115 112 253 130 225 209 248 53 36 148 123 3 10 90 208 30 202 174 147 91 249 60 112 35 221 122 14 18 66 188 227 182 44 224 56 13
80 249 254 68 104 175 96 50 139 231 47 72 198 172 192 208 249 137 83 72 203 205 111 107 79 7 178 164 64 46 116 14 39 114 82 143 34 178 193 173 153 240 246 95 157 182 48 150 63 131 223 10 80 78 117 160 86 39 68 150 85 184 164 124 43 246 11 77 168 205 250 65 189 240 161 90 166 209 241 230 84
81 141 99 73 232 17 69 173 111 197 206 237 93 86 16 80 162 141 184 113 59 104 137 132 15 199 137 44 73 243 226 112 128 70 186 104 87 255 22 198 196 228 179 34 58 195 114 220 81 42 77 140 146 214 16 162 158 153 206 231 140 176 88 12 246 18 117 78 17 139 20 213 111 200 247 169 139 105 134 220 148 211
82 165 30 102 69 116 141 137 10 227 65 174 95 108 164 107 185 76 56 180 142 245 164 47 80 75 0 65 49 84 17 33 249 47 135 62 164 21 199 174 248 9 93 87 117 1 194 47 78 250 227 220 240 135 11 64 210 11 129 3 95 146 37 89 193 172 151 101 193 95 20 185 104 113 17 221 114 211 12 192 206 239 156
82 59 75 113 68 3 146 149 55 86 106 196 194 149 139 80 13 220 42 240 34 110 46 113 0 37 12 92 239 149 217 194 209 36 52 21 39 198 171 95 28 21 35 222 171 174 47 184 138 89 168 172 200 214 30 200 252 42 36 235 192 253 174 145 34 226 166 73 168 81 168 196 103 204 162 18 122 209 202 5 43 115 177
82 85 153 29 190 72 97 128 81 219 141 74 110 87 153 205 188 32 71 168 125 146 249 85 167 98 155 51 169 250 68 138 79 221 167 14 37 8 142 118 227 28 192 82 115 89 31 47 121 102 215 246 248 208 75 159 51 230 210 220 225 22 102 48 243 13 62 25 22 205 143 249 233 80 75 92 169 106 139 35 208 98 25
83 1 157 128 232 13 116 54 65 132 248 229 48 48 231 26 133 35 98 129 196 180 224 50 137 255 191 74 114 203 145 130 205 46 3 181 59 119 235 125 251 227 98 44 20 73 70 153 108 168 27 48 92 251 98 229 251 33 47 109 237 192 240 186 239 243 111 42 106 90 167 102 62 9 146 82 82 216 235 190 128 6 239 220
83 207 100 8 103 207 117 214 83 58 145 154 169 71 33 85 23 192 17 112 31 145 54 150 253 46 27 248 155 14 95 188 221 195 196 69 147 58 27 230 116 173 128 29 244 161 114 11 98 131 123 129 21 177 23 18 223 50 11 123 64 106 55 29 46 252 98 193 54 126 167 170 43 39 199 31 201 57 42 43 189 166 172 210
84 155 223 205 153 181 37 181 196 24 151 131 111 137 6 192 185 234 83 175 218 101 4 247 130 100 236 73 77 210 34 56 109 2 6 6 183 43 187 123 67 83 255 178 220 5 114 149 239 198 68 201 43 72 193 173 172 173 246 250 127 25 50 236 27 56 242 210 99 174 78 166 1 77 88 221 82 203 114 65 145 182 10 188 254
86 158 171 201 16 30 159 65 139 44 139 47 2 6 241 158 182 178 64 79 118 217 28 120 179 118 90 167 242 12 18 123 170 189 69 186 219 228 252 102 16 135 149 19 142 134 177 68 57 241 147 175 203 176 39 126 38 130 38 25 142 56 148 57 245 217 243 208 190 239 54 206 119 204 225 5 82 146 73 139 132 221 59 79 141 98 205
87 11 190 219 113 53 142 118 1 5 186 201 108 65 229 89 167 143 72 111 90 245 53 254 139 55 224 188 173 166 48 14 177 238 233 35 35 119 153 36 124 83 237 232 149 210 65 60 98 137 171 188 126 225 186 9 24 155 197 197 65 245 211 243 227 188 22 7 51 175 43 176 2 25 152 151 235 218 212 77 99 127 9 226 96 196 235 120
88 117 29 250 142 190 211 250 47 108 149 157 255 161 92 89 82 226 236 210 229 130 102 45 63 150 155 104 144 192 30 233 53 59 228 195 249 183 190 41 35 83 198 35 244 35 124 70 5 104 24 234 235 126 23 42 21 179 146 165 115 176 143 168 235 115 108 228 42 42 13 77 125 212 112 113 247 237 183 252 85 207 231 64 78 254 106 99 177
88 234 122 230 82 126 207 247 141 68 56 70 27 127 108 116 250 31 175 56 140 165 118 8 128 104 144 96 7 117 228 159 95 94 133 178 221 84 169 106 153 226 176 180 97 28 40 91 60 215 147 200 124 9 208 252 113 96 92 120 214 65 23 53 159 157 231 124 241 145 230 138 115 150 62 212 179 103 47 239 62 194 183 187 204 136 183 61 232
88 243 204 115 43 97 172 32 58 159 240 248 143 39 199 6 243 168 11 69 59 84 209 191 49 12 14 190 110 219 114 83 207 62 198 250 159 114 27 218 17 11 210 160 50 153 166 37 66 177 107 125 6 60 60 55 72 74 246 182 37 104 9 244 166 207 239 70 65 10 32 83 21 242 243 72 140 154 109 206 75 216 75 81 20 135 137 92 209
89 244 208 151 220 118 24 227 235 224 216 110 227 116 225 3 3 173 102 189 132 205 3 126 114 3 190 102 228 91 223 165 80 175 60 44 37 85 15 16 53 232 126 24 92 95 27 95 12 129 29 145 78 32 15 192 35 205 39 7 41 6 172 121 181 233 165 219 62 180 235 115 156 106 139 248 201 166 88 214 39 117 103 117 149 118 53 184 67 92
90 131 134 140 137 190 152 114 255 45 227 224 189 96 50 223 116 165 127 210 203 189 219 29 227 73 48 211 61 254 244 158 129 122 42 10 56 194 125 55 239 96 23 172 192 74 139 52 239 11 7 186 200 226 215 171 44 7 126 105 5 114 7 134 237 49 145 37 243 14 93 226 110 116 142 46 190 26 99 173 37 106 103 237 76 62 153 120 70 23 225
90 211 61 76 234 183 196 165 9 77 121 181 205 158 180 8 50 95 223 252 168 250 144 246 1 96 211 14 9 89 14 150 44 75 227 22 2 167 187 12 245 52 193 194 210 117 202 5 212 169 1 125 164 145 115 165 242 71 180 251 160 194 146 204 14 117 227 16 28 158 28 17 211 221 212 165 83 158 170 39 72 171 164 236 61 24 145 47 95 69 42
90 226 33 149 80 114 93 100 245 143 19 21 7 205 45 49 234 36 238 88 31 240 184 170 26 154 143 17 69 85 70 138 55 103 31 136 218 124 236 207 11 255 228 18 204 17 68 182 53 50 14 84 34 198 254 60 96 142 77 166 227 147 48 26 250 79 162 212 204 143 164 215 142 136 234 91 154 46 17 207 96 32 36 130 230 34 190 71 176 11 237
90 247 214 190 125 188 8 4 7 4 172 128 114 49 123 40 94 116 179 164 16 30 198 184 90 218 92 170 45 0 243 134 247 201 68 116 134 77 121 141 81 37 13 195 86 136 236 180 252 159 88 12 189 30 196 24 249 32 194 38 32 181 172 23 127 240 140 5 61 5 146 143 42 159 82 129 39 62 53 35 221 142 47 155 172 243 179 165 19 117 203
93 205 11 252 213 10 233 2 215 10 141 222 190 159 181 1 26 106 150 91 198 111 173 214 30 129 203 170 111 253 209 5 202 220 2 159 230 235 161 190 246 46 156 180 205 81 182 232 188 76 67 130 188 240 88 218 113 35 132 224 33 86 229 235 50 231 139 25 211 44 215 201 91 115 125 40 196 51 16 128 128 83 2 60 67 91 22 180 126 154 148 159 240 122
93 212 237 143 102 144 233 255 105 25 38 183 153 174 140 134 196 46 109 248 71 233 15 65 111 49 21 229 29 130 12 124 87 249 11 189 137 244 189 242 13 227 169 166 145 53 45 85 100 154 77 171 131 92 236 242 141 1 216 170 132 228 38 219 221 49 152 102 37 85 88 51 56 1 217 201 54 6 30 154 161 107 70 36 199 50 23 85 52 239 255 184 211 38
