5 34 50 29 17 36
5 34 30 50 30 22
6 54 29 5 29 51 25
7 50 22 58 46 26 25 32
8 74 51 47 3 23 6 3 13
10 16 92 34 70 98 54 48 26 11 63
10 12 9 78 62 26 36 69 96 77 68
11 100 10 40 84 34 68 78 64 13 36 17
12 54 65 71 87 1 85 51 46 17 99 76 94
12 41 83 74 78 112 69 70 34 118 65 79 1
15 9 4 78 101 62 114 95 134 128 128 96 132 143 117 57
17 20 6 2 68 115 46 32 35 87 21 154 103 93 42 125 18 118
19 94 116 66 135 146 172 12 57 32 160 114 105 48 90 169 161 78 96 139
21 10 191 163 24 116 190 91 112 204 117 110 191 5 61 153 165 85 22 80 91 33
21 172 152 176 197 60 9 91 173 203 67 68 157 142 13 132 144 97 6 68 174 137
22 7 94 105 105 213 180 183 149 220 163 66 157 8 173 69 1 71 99 13 86 89 161
26 108 251 202 239 147 114 1 220 137 43 59 175 67 247 93 196 22 158 122 239 95 121 78 208 172 23
28 80 200 64 178 131 131 47 97 53 16 19 117 82 205 228 99 261 253 48 76 142 7 235 31 16 59 20 253
32 302 226 166 15 294 185 164 70 222 313 141 294 90 73 201 160 195 281 57 150 185 259 249 47 227 23 295 99 302 188 96 228
33 128 163 142 22 236 268 320 98 112 187 81 257 53 72 240 162 205 111 34 151 139 196 271 268 136 288 230 100 203 34 138 60 210
35 153 142 203 68 288 339 208 234 133 182 104 233 28 151 286 321 20 274 166 275 318 269 294 1 85 292 258 70 346 244 263 30 170 269 231
38 336 341 97 216 366 309 293 148 85 345 147 91 114 206 119 204 164 353 272 197 333 224 77 28 146 144 340 204 32 261 90 110 179 118 126 37 364 220
42 369 156 37 86 43 115 307 345 196 234 1 69 359 68 87 118 128 181 80 194 400 397 206 157 165 355 121 418 242 177 121 230 420 385 129 208 141 157 215 283 374 289
42 102 245 281 417 71 323 225 62 320 333 102 411 124 330 355 160 89 146 266 223 272 219 168 23 76 382 63 277 294 71 361 342 256 313 44 272 329 69 148 378 270 111
44 224 303 70 429 431 328 187 273 20 249 216 350 33 201 205 293 188 420 298 128 306 157 255 181 323 116 390 178 434 87 417 354 384 163 162 178 412 373 225 96 112 414 200 398
46 458 189 279 337 413 342 297 133 259 152 191 310 98 431 307 372 458 441 437 262 244 10 210 40 305 389 455 409 304 374 70 110 314 314 315 205 222 111 236 418 403 435 49 49 355 412
47 63 357 142 416 228 469 242 366 109 33 92 252 71 333 143 340 124 220 320 49 352 166 270 92 104 454 297 227 328 27 327 93 55 59 184 132 421 118 9 232 197 55 128 304 34 353 347
48 234 288 363 415 97 403 448 354 359 325 345 469 292 37 378 454 121 429 411 313 2 434 162 292 191 474 439 380 257 464 274 174 192 110 68 324 262 436 70 40 466 104 167 473 308 89 265 267
50 113 48 100 251 309 377 407 277 94 493 476 324 54 451 388 326 39 224 164 165 359 249 286 264 221 125 431 1 494 394 369 5 270 4 144 50 380 439 211 144 261 347 44 255 436 130 291 402 367 79
57 113 310 162 36 470 496 285 216 266 115 165 330 423 66 97 534 42 542 128 375 404 102 522 196 119 238 549 10 519 288 66 356 85 10 361 530 53 212 153 487 117 411 142 259 235 266 73 65 521 238 92 259 560 300 80 47 91
58 40 451 223 74 491 76 89 473 136 236 411 345 408 53 240 214 577 238 376 300 285 474 439 57 402 57 50 385 87 59 401 81 318 152 490 33 31 426 8 385 514 452 571 312 506 451 62 376 556 524 34 220 294 512 85 79 18 376
59 294 204 484 530 313 410 451 125 502 306 238 16 499 88 113 541 15 462 404 41 425 505 137 360 269 13 47 284 589 151 488 561 515 394 430 476 273 420 418 497 325 307 588 252 220 218 548 230 501 210 121 429 547 465 165 322 140 511 279
60 396 534 544 180 588 101 45 273 544 480 354 257 417 522 323 125 397 568 149 4 258 576 205 269 122 384 425 399 435 103 500 557 79 4 435 64 380 213 191 293 533 294 209 460 242 454 588 288 440 67 152 177 151 458 175 398 375 484 565 440
62 236 263 475 411 110 15 203 291 355 422 111 90 316 570 130 160 528 578 573 189 85 357 387 348 210 370 438 148 368 380 448 401 487 579 433 545 433 314 467 277 136 228 44 597 48 501 155 19 184 21 428 117 195 321 412 346 249 173 211 176 602 61
65 409 280 430 323 471 588 58 36 219 312 375 381 90 189 77 521 421 83 497 64 415 467 114 634 120 424 363 345 148 141 193 177 45 309 398 516 233 442 60 583 575 242 352 257 400 323 583 42 322 98 142 344 184 431 77 630 278 608 550 538 104 556 404 62 250
67 598 399 418 180 178 572 433 198 131 54 528 516 317 138 69 611 618 150 247 486 539 548 596 42 343 130 295 383 421 635 556 386 295 542 204 104 53 389 318 549 46 415 288 373 83 669 523 54 352 383 210 514 108 425 573 482 665 17 97 575 570 480 294 391 103 87 437
71 149 551 536 513 105 466 11 465 33 188 338 343 37 318 476 686 652 252 336 332 419 90 55 405 296 275 244 470 657 181 595 4 669 305 383 256 636 659 55 457 419 376 468 647 152 709 215 73 703 413 202 160 652 241 706 39 293 708 560 106 155 11 499 500 26 638 600 354 198 708 170
72 280 142 194 556 15 548 422 496 146 637 82 701 189 543 170 149 678 681 201 18 134 419 165 273 91 362 716 68 202 357 667 561 596 96 368 160 715 496 234 596 230 580 647 144 67 439 212 113 70 629 378 407 237 446 330 202 42 474 537 245 576 432 645 288 214 551 377 202 505 466 501 161
72 104 693 358 636 327 172 580 435 552 596 236 711 716 391 9 248 275 139 81 451 2 540 156 304 651 586 463 74 12 618 292 15 594 487 704 300 716 499 97 449 597 180 82 457 622 114 511 58 205 119 396 305 172 685 52 467 325 330 417 490 552 565 365 598 147 226 480 268 138 178 96 570
73 443 180 114 173 23 624 103 236 126 4 22 582 559 671 549 272 87 476 521 287 406 433 124 546 711 32 344 65 273 247 429 21 392 27 216 131 365 293 611 234 583 540 165 236 389 134 305 694 165 443 102 205 197 335 383 186 241 730 202 403 520 512 636 58 378 531 34 53 185 566 427 52 4
74 32 49 452 168 663 590 407 720 258 624 517 16 364 197 276 290 228 206 505 286 451 629 433 607 475 500 182 167 369 180 359 259 308 83 423 476 645 563 339 309 31 683 223 444 219 86 515 630 90 613 426 296 644 718 705 651 571 419 215 548 552 72 340 656 447 344 292 37 615 9 440 164 424 459
74 583 57 407 236 485 15 141 13 565 11 640 128 445 342 398 574 735 125 641 303 733 703 374 64 709 80 591 645 175 662 721 28 255 332 385 366 200 428 372 142 4 372 379 35 121 580 431 465 553 590 442 537 618 391 380 72 147 499 27 577 525 84 47 73 293 88 735 180 659 206 698 683 576 373
76 260 588 744 627 592 656 224 673 61 661 452 502 105 147 408 605 659 266 209 485 525 3 539 123 48 640 469 481 438 263 390 262 645 438 445 603 693 749 6 95 724 573 454 356 533 408 760 246 49 154 275 511 419 477 278 213 489 594 237 687 461 522 691 535 441 205 254 704 535 711 505 332 413 741 98 55
78 479 164 321 463 521 752 480 579 529 438 138 770 524 137 126 336 122 531 580 92 579 286 254 215 258 594 175 249 209 586 481 767 210 538 541 170 144 278 613 652 57 494 635 336 639 385 326 181 401 405 334 353 289 588 84 418 105 367 84 179 222 105 542 353 140 631 600 146 728 93 503 422 39 417 404 544 39 209
78 450 228 21 375 273 746 754 526 85 442 301 290 370 553 199 488 406 14 751 519 160 99 346 466 147 521 175 378 25 450 652 125 241 165 391 580 427 485 375 69 408 499 20 727 85 322 127 320 432 554 115 501 445 627 543 638 430 311 687 619 679 6 483 685 193 523 411 295 706 492 302 709 743 710 454 463 282 123
80 102 398 772 448 42 567 706 608 339 72 631 355 249 653 551 506 487 758 321 65 414 426 592 230 76 101 443 506 47 498 388 233 565 402 103 391 568 408 408 486 242 732 77 301 169 658 594 466 225 69 43 574 431 309 266 129 76 104 152 498 635 291 274 544 481 364 251 662 758 209 604 534 796 52 412 516 1 336 625 735
80 704 397 531 464 765 548 430 533 579 430 715 746 105 460 299 280 742 90 595 584 176 503 769 360 786 162 117 594 478 351 370 189 551 581 683 197 518 441 306 610 523 31 779 518 556 621 164 2 245 573 12 547 767 190 260 498 240 249 117 398 324 516 350 716 643 520 580 350 298 197 736 70 475 60 594 418 392 293 110 339
81 635 341 123 537 490 131 17 542 506 178 579 613 485 72 130 795 36 282 604 197 23 445 60 445 455 159 46 758 146 140 510 353 609 546 109 92 215 144 597 766 809 629 442 406 367 622 400 398 758 93 769 609 300 239 186 269 63 785 50 513 332 475 340 89 73 12 32 288 370 794 450 632 434 81 542 765 647 488 655 46 473
81 506 310 164 306 63 197 400 618 339 320 770 294 699 116 328 762 374 524 387 71 134 227 355 644 474 195 326 356 791 672 153 188 682 556 155 398 618 51 759 423 489 286 231 788 478 266 377 646 558 529 548 198 748 108 474 37 278 671 194 270 746 103 612 589 525 470 535 563 75 416 212 226 754 365 193 255 184 679 284 603 346
90 679 388 415 299 449 355 198 89 758 703 464 791 305 462 90 678 742 834 83 144 233 863 821 682 537 181 552 165 774 797 429 333 472 460 34 634 105 752 387 345 838 6 568 748 735 383 888 750 527 524 760 733 440 507 792 337 71 859 239 402 524 837 824 395 162 78 197 596 715 121 402 596 837 362 374 570 213 805 361 371 2 474 110 243 663 725 607 368 169 24
91 130 694 444 794 271 374 689 288 121 262 647 108 73 656 715 491 69 808 46 507 809 822 386 505 873 60 803 101 865 457 858 874 213 202 138 876 122 832 260 325 694 619 601 304 716 98 908 488 803 554 561 379 756 506 174 95 366 205 283 443 94 747 360 413 873 501 703 608 613 48 80 116 207 733 781 811 305 58 512 608 287 326 842 608 868 684 363 153 808 767 539
92 523 829 673 436 499 380 697 892 404 899 270 61 299 523 47 911 725 217 915 546 742 433 704 795 750 35 403 577 576 464 702 452 584 602 241 53 354 116 213 240 916 24 236 705 516 176 7 840 825 750 523 747 552 236 459 133 576 600 479 762 57 524 539 775 880 434 60 61 807 562 321 372 897 15 247 641 643 577 247 860 663 859 186 558 37 284 765 653 390 103 90 424
98 501 459 399 900 165 570 358 520 624 476 724 655 805 466 285 481 467 822 100 959 744 319 328 874 345 385 882 421 733 40 653 494 72 859 318 486 522 120 582 841 754 706 427 956 197 300 1 684 35 443 722 87 300 624 612 765 399 59 265 97 459 264 630 549 431 466 618 362 301 853 702 69 690 834 520 319 970 941 247 176 852 435 478 121 274 226 944 956 699 634 354 594 284 839 522 946 918 929
102 519 216 182 880 450 623 638 96 258 99 155 710 977 861 792 316 553 283 985 348 929 337 176 426 161 723 121 287 205 121 65 630 601 879 533 647 536 648 526 150 359 86 962 539 301 285 534 349 910 962 586 802 963 641 386 942 128 396 575 489 773 690 267 273 908 883 837 291 12 743 536 258 322 411 817 186 986 210 508 771 945 375 286 632 266 257 503 108 828 572 892 991 459 22 108 17 440 948 846 541 971 300
102 394 664 458 444 165 452 251 469 90 503 878 513 964 107 307 442 518 556 705 576 643 216 75 90 682 468 1020 720 975 536 716 120 607 733 384 178 147 406 885 405 594 367 795 266 599 393 400 972 269 795 633 803 427 88 934 202 23 579 725 290 16 885 870 805 440 962 974 485 595 607 446 850 183 447 776 647 155 962 1001 862 426 343 515 166 615 605 376 353 126 292 388 554 834 575 719 199 244 171 184 894 403 1015
102 903 702 725 29 130 934 148 316 135 402 501 113 225 135 85 213 857 59 800 1015 818 371 641 821 40 302 626 549 1006 714 824 697 6 45 462 320 675 240 153 856 351 99 978 649 47 124 230 916 39 158 505 652 578 153 49 957 512 857 883 562 680 340 722 428 879 973 518 403 908 701 611 588 820 48 720 166 740 506 662 934 389 844 802 672 17 302 184 717 114 932 802 406 899 167 445 662 855 532 266 625 298 546
103 3 285 431 41 975 548 311 666 447 288 695 922 57 532 374 910 799 732 860 595 222 785 7 941 627 810 214 799 407 753 429 646 773 128 48 656 490 213 840 394 374 249 51 832 686 777 750 969 907 477 217 646 69 439 493 116 895 503 491 52 824 204 230 93 934 51 61 227 245 932 225 987 450 64 489 218 1022 181 731 268 117 39 354 782 11 841 128 49 620 25 424 197 728 748 990 381 568 377 100 632 643 746 877
104 399 252 923 986 721 466 373 366 436 476 423 624 323 203 167 453 561 786 322 177 714 706 764 446 273 177 894 535 498 597 42 404 162 1017 213 228 280 812 935 920 220 920 925 494 806 1007 497 592 139 35 226 118 535 569 890 467 34 733 321 257 658 812 578 681 138 809 880 1011 374 410 145 126 240 784 276 165 673 578 627 644 845 313 870 268 610 231 659 484 857 739 740 539 521 1006 496 924 650 866 459 348 703 182 852 690
107 1006 781 600 811 83 304 253 1000 774 131 74 647 523 783 833 456 795 489 779 226 180 844 88 570 253 555 491 702 511 718 181 1 1013 1063 596 824 1014 132 984 351 1011 452 341 27 497 684 370 869 802 993 889 722 188 166 228 746 885 748 286 247 476 943 421 932 640 1002 731 874 1044 819 426 689 642 89 156 905 468 931 1053 115 78 662 395 980 93 368 483 823 305 311 955 849 801 89 817 124 40 751 24 391 571 137 780 741 232 158 824
110 80 77 30 144 338 385 767 694 991 751 852 752 393 773 957 3 766 416 426 130 80 472 199 846 431 196 130 890 562 782 677 543 745 600 487 976 549 626 19 306 186 845 844 263 250 613 657 1098 962 459 256 528 1 779 722 723 782 454 646 349 859 981 436 523 341 50 1056 477 82 894 119 366 631 43 592 653 495 606 958 907 1066 146 673 342 134 781 822 343 632 652 935 214 172 222 634 772 965 112 599 1053 250 558 190 430 785 206 894 567 477 896
111 612 469 679 894 555 61 1037 115 318 1026 888 892 448 910 804 979 772 1029 992 352 738 1052 802 834 994 723 425 610 292 164 376 124 980 827 336 34 124 385 328 358 354 904 123 130 65 14 416 231 718 872 993 887 1013 25 916 964 409 674 770 115 52 663 393 381 109 731 131 996 654 656 891 440 692 999 660 681 419 83 868 13 679 794 914 371 1084 821 12 1017 804 168 1033 137 664 838 444 26 206 1066 282 981 434 1051 169 968 674 274 783 1060 333 180 993
116 397 920 103 79 434 1154 913 902 566 525 127 778 419 344 639 454 816 700 31 686 438 589 97 839 528 1075 380 479 156 859 347 736 146 230 62 1105 804 454 561 271 944 208 1106 742 219 768 197 49 893 576 1078 824 432 347 753 65 49 1038 828 338 775 1119 44 600 46 928 711 445 643 211 901 1020 367 224 250 759 955 912 862 225 221 253 588 895 1084 991 656 741 1 563 735 962 383 519 251 931 487 686 32 435 104 501 263 319 411 277 1101 930 790 865 222 779 191 1088 944 220
119 1060 254 384 256 62 1020 265 222 1113 136 169 641 215 295 493 1115 783 1107 418 614 97 897 1010 136 35 177 1049 1141 962 892 276 208 1169 501 253 614 51 31 465 540 1048 100 637 610 7 128 181 691 727 313 340 603 1002 1032 834 462 585 562 967 1091 670 409 481 82 1167 846 432 609 646 726 325 1045 555 219 495 48 758 932 557 94 1187 629 991 580 1137 763 675 766 268 261 91 888 383 1110 1044 1165 181 1051 850 918 210 652 520 1137 601 3 967 720 1006 793 1086 851 610 639 797 410 919 714 193
125 1072 995 331 442 260 385 726 411 53 1243 108 285 986 1249 1240 189 847 507 1205 500 335 335 11 1225 1231 430 938 762 330 72 672 893 1050 935 1068 616 1152 439 82 11 955 571 74 1003 961 258 275 1011 396 1248 261 817 950 422 70 811 895 31 232 1026 718 931 30 643 234 940 525 1039 811 304 1250 315 943 213 201 248 319 728 747 59 382 62 876 1005 639 592 454 740 868 383 808 528 541 1219 130 1134 74 1050 989 512 258 649 365 1124 900 1172 968 858 526 491 829 386 1240 271 121 920 578 886 678 989 621 284 1238 912 689
127 1046 108 203 1159 700 470 262 424 1265 80 1002 1265 1082 163 1056 1022 695 1222 395 1198 17 120 386 222 550 1015 1133 770 966 703 611 933 3 778 1217 859 166 979 75 1152 441 198 380 1058 1161 1022 804 900 221 144 750 639 128 546 70 846 187 1068 420 536 80 860 382 1062 9 150 210 1270 350 1148 367 204 1019 590 1204 1190 1255 426 1069 575 1043 497 481 860 754 1032 567 216 969 123 863 1220 994 187 758 390 727 1080 430 191 806 432 390 226 1089 750 320 156 311 1104 476 394 650 617 4 561 1088 298 284 719 52 964 552 918 1239 45 589
129 1229 387 27 832 616 244 1149 443 392 1093 924 49 5 31 486 524 328 593 1250 873 847 827 1224 284 328 584 1236 711 1051 446 168 977 800 1061 172 156 836 1134 664 868 838 741 1170 157 517 1250 761 413 831 527 780 637 44 88 860 1040 630 876 717 540 570 1129 41 926 754 566 431 249 1118 1265 931 519 938 605 954 638 758 513 518 1095 295 253 235 361 588 1219 149 145 403 1133 52 713 818 662 794 937 126 296 189 9 1118 122 1041 808 483 1174 473 631 458 85 113 1026 654 443 36 837 233 160 166 356 387 556 864 175 971 86 1236 297 1139
131 818 318 452 1294 835 730 783 959 91 490 1191 1010 103 346 1198 46 241 766 1124 34 810 937 724 514 1081 408 593 712 509 178 252 1258 1038 1113 1047 810 266 812 613 560 626 463 821 225 1169 901 695 112 885 358 973 983 135 89 1116 936 988 1100 1201 780 895 338 1157 811 713 1023 671 723 903 603 1224 100 699 1066 467 645 373 1154 267 601 661 688 504 495 148 80 806 921 634 860 101 587 808 1191 958 1070 976 542 1301 222 1036 708 1291 641 1254 1305 781 963 801 226 189 946 188 516 664 169 1070 643 1075 959 1046 125 346 249 1141 1212 574 691 1197 625 1024
134 959 1110 679 982 939 1188 853 62 1244 718 821 395 634 827 1200 1069 844 88 446 62 232 147 1321 9 371 1191 700 34 1149 962 550 1327 1137 1327 1293 414 861 610 1000 331 952 1337 839 1267 734 730 307 189 567 1285 634 953 851 309 34 288 730 153 356 941 800 413 307 664 767 1017 199 323 710 1045 396 1216 615 823 49 762 54 181 287 664 1067 581 1194 476 1051 562 594 8 746 968 996 692 735 9 1031 1199 465 393 360 895 1115 35 494 128 859 1031 654 1227 657 1186 361 51 1137 745 886 1131 1127 732 622 194 911 907 417 906 422 935 1064 261 278 1269 561 236 288 955
136 71 727 640 237 581 327 754 993 1234 1246 685 230 894 113 1064 539 955 867 172 177 441 908 533 128 1110 483 205 1089 270 160 22 1028 749 681 771 892 1210 894 1303 250 614 8 443 1065 1216 1017 980 742 182 114 1041 468 838 121 992 595 1021 551 531 1338 893 1022 1264 1147 1354 454 407 1345 1010 66 977 336 591 347 1200 107 40 1225 765 421 418 1048 671 1190 771 718 370 1194 934 1305 908 212 52 1121 620 676 843 303 1119 1341 77 1099 462 1214 1103 1160 622 1289 740 683 1202 354 1083 860 850 664 1283 122 848 718 118 1262 590 827 477 507 407 786 1111 443 1235 400 1341 826 390 559
138 749 1211 1280 130 1375 527 545 870 373 180 695 1079 1191 1133 654 92 188 821 568 894 590 1123 1174 876 1070 1190 908 847 1136 873 135 814 1108 1124 718 1368 160 752 328 984 1231 1011 91 589 818 1067 1367 1066 285 83 644 87 14 728 516 272 129 1000 797 1005 786 986 38 25 1196 873 506 1334 845 418 849 963 576 1242 277 1362 974 58 323 19 180 454 768 1228 403 1001 614 146 551 571 872 21 601 1091 370 539 580 1171 574 440 651 858 819 717 77 381 396 1244 1114 825 384 1333 1140 1033 1112 133 397 911 1344 690 31 328 920 728 635 153 896 1100 1375 1136 1350 119 732 921 1081 990 106 1112
140 362 310 1390 752 3 88 896 1162 870 1299 422 940 796 421 155 290 358 1036 1326 972 1397 1333 494 1232 988 438 428 153 1387 911 1247 573 851 281 631 606 1011 1132 1279 848 140 414 1264 1020 506 271 272 1300 490 506 1351 1280 27 364 929 977 932 631 299 514 779 718 235 116 96 121 997 348 475 424 1232 729 1032 21 732 938 687 928 358 479 19 1333 653 819 452 1264 1030 1023 1107 438 172 724 629 1202 277 1261 453 440 356 1267 561 31 1330 1124 4 453 77 1020 300 505 358 936 983 137 492 143 726 177 886 1024 1198 417 1189 1045 169 1275 727 634 700 427 875 559 1188 277 237 1153 1134 796 585 886
141 878 502 880 1307 759 696 123 1299 1249 1344 54 1287 1362 1186 446 1074 70 148 1310 956 136 34 297 1130 43 726 1345 477 819 467 1394 1145 601 201 1286 1323 772 272 1292 1296 387 1117 40 291 1186 649 878 977 129 578 375 198 1294 105 224 1335 189 19 141 873 302 512 354 477 885 371 1256 997 392 1164 1203 378 654 954 685 1146 749 1331 1154 112 496 269 114 497 409 707 608 255 779 13 86 517 717 557 844 164 70 356 481 743 416 339 758 890 45 814 1148 1219 776 404 1029 315 407 930 1286 231 651 161 1140 1402 365 1259 732 470 570 897 688 1089 1037 1360 1048 44 187 1240 389 1276 733 898 482 1310 913
144 1217 583 36 662 1110 658 89 508 361 36 265 25 955 1288 991 1350 505 1104 908 1303 1414 214 293 372 568 690 431 1143 434 1143 45 685 866 409 819 926 1423 833 19 985 323 1157 1080 97 572 806 1300 16 13 157 1402 179 1209 1361 855 745 283 953 898 60 746 1385 1396 220 605 674 620 1043 349 1252 1126 1405 399 619 551 912 521 1226 1056 134 555 1220 52 1419 1418 1059 342 1403 1153 901 490 1414 94 1033 635 27 1391 607 756 1104 1019 853 6 1440 771 145 937 592 354 1223 131 513 1093 1010 379 908 1061 575 638 419 807 229 99 128 129 445 94 1043 671 365 732 1069 869 596 600 757 115 23 883 955 115 937 539 242
146 436 131 887 908 171 1216 101 689 973 1335 71 1111 1362 967 468 666 260 84 799 722 262 1458 562 652 957 786 159 1123 640 1126 573 455 377 1293 1348 825 1092 914 934 512 69 1325 1043 1376 647 1016 717 64 1244 504 807 279 161 1151 702 671 594 1231 1083 768 1405 161 540 1150 225 399 573 244 198 524 816 740 768 213 1190 84 1324 1204 714 1225 185 523 38 150 474 1033 972 138 127 864 413 44 114 1452 1252 913 137 1157 489 896 1234 1053 642 1423 301 88 837 664 230 380 801 402 388 64 43 93 1017 345 128 179 1370 1170 1001 1316 1166 1293 996 1177 153 1253 856 135 837 346 1046 1227 1071 1271 258 495 1040 1356 458 1356 879 1334
149 1081 897 1052 342 354 175 866 1237 613 443 841 1116 324 1291 1449 902 1239 1318 349 1077 767 1095 944 195 34 411 1320 10 697 217 1424 336 1155 1109 982 1122 400 256 491 158 144 561 583 368 1099 135 1123 830 1262 288 683 453 124 1311 512 99 805 1437 480 1078 846 945 1006 1135 576 1235 195 1390 593 761 997 444 550 182 1443 111 6 932 141 245 709 347 1297 425 839 371 626 483 1391 313 96 1067 1137 60 188 1116 113 910 231 996 590 753 523 616 453 570 556 1160 1040 757 598 385 990 232 465 624 374 754 1266 1076 470 1259 778 590 936 513 351 132 703 1295 251 350 181 891 994 1241 1308 1448 498 1426 1481 645 952 544 225 1100 601 903 205
150 1101 778 1383 883 363 991 907 1400 22 485 183 257 1454 107 481 847 716 1080 1294 1455 806 1304 888 47 973 65 380 151 819 806 166 557 1077 1231 163 919 35 1139 1174 377 851 1296 565 952 323 1284 371 1213 686 1351 650 1285 1278 997 1376 76 1089 1109 633 1480 487 1312 1102 725 1051 819 104 1433 679 583 777 993 1136 450 1375 682 932 573 1247 542 692 70 1233 879 1295 1465 660 1111 1303 825 956 473 1151 78 1338 39 563 895 592 1180 1031 818 832 1102 1147 128 1291 242 34 1128 102 136 1322 376 155 1152 1155 89 844 1463 41 1300 693 608 1361 1453 1182 375 984 1438 488 740 368 338 188 1425 868 375 1191 488 688 1380 666 641 1288 1176 185 754 5 1480
151 86 242 524 1300 58 469 954 628 304 665 1423 287 934 501 1482 390 1143 1080 1313 41 524 421 626 484 1028 74 261 104 197 156 1385 1311 789 387 579 13 1124 392 581 329 523 301 1069 1420 171 1481 131 88 96 823 1286 947 804 599 1419 835 969 192 85 99 356 1491 348 775 832 631 1105 176 73 463 702 158 319 245 636 267 1048 350 438 1171 273 1124 841 229 639 1028 1049 1105 998 1456 956 1502 64 1097 448 539 1179 684 1264 1237 111 1200 708 1317 1149 368 645 330 1494 162 444 446 897 1088 817 121 1498 1316 1042 846 465 120 741 753 1423 529 388 672 892 265 1456 1242 1196 231 1049 1198 55 1122 821 1406 1183 306 1015 1077 1247 1254 904 730 261 1130 719
153 202 732 1146 1514 985 1091 527 956 1418 1196 131 1100 1416 281 755 999 1201 1106 1023 1022 467 1150 138 320 116 1284 1076 811 653 1404 1103 718 1430 796 524 1358 987 1139 256 1050 1021 323 1122 1453 50 348 492 1257 1187 174 1339 1030 424 1303 1312 1300 559 1382 226 12 585 1117 1484 635 442 1009 467 970 558 881 1260 51 1157 1033 355 490 466 334 340 112 524 1410 479 703 680 1285 1037 841 904 742 1337 1215 967 538 408 682 527 254 638 1331 683 1089 582 845 1356 1181 189 1036 1101 935 1438 781 189 1416 1161 1290 1447 611 831 1083 690 1009 1362 321 1366 971 359 1362 164 253 1112 236 331 474 412 1201 1070 493 559 258 714 467 1047 351 544 1491 811 1349 450 752 434 1487 1221
155 665 1074 125 11 585 1199 8 865 1362 558 400 267 914 671 669 1379 1507 880 780 323 1418 462 764 453 13 1539 337 1163 777 171 929 549 860 1135 833 1473 1115 647 788 1100 108 1092 1244 593 43 1126 79 1407 209 293 886 956 142 1519 323 433 749 878 1079 886 803 1219 587 1412 632 403 472 1203 1169 230 950 855 882 1344 686 120 780 735 861 495 46 1413 342 1522 162 678 450 1217 1462 647 590 1168 698 789 606 903 925 904 1467 1324 1032 1465 1026 1419 1070 1430 57 1417 200 145 1000 241 897 1072 203 279 640 1266 1422 61 605 1151 1004 1404 1275 1379 1273 1474 350 622 1395 827 504 297 1128 282 270 656 1099 205 1271 965 802 1550 485 532 574 479 1035 706 1414 1322 689 1515 1009
155 714 64 1135 449 828 567 930 927 858 182 1539 77 1269 1286 84 929 662 158 535 1477 1445 1310 179 638 1076 58 1550 1087 1377 84 1422 53 1537 842 363 1513 4 1513 1049 769 490 189 1178 162 24 580 998 388 544 774 1531 1163 1398 1429 1263 480 509 1087 1244 347 377 139 349 1438 514 1361 1487 50 1264 753 1489 1321 1122 851 1228 521 232 122 667 1128 592 449 856 712 466 232 1383 612 1002 275 251 528 281 1086 647 765 167 3 1439 944 1237 522 1045 511 217 562 853 1405 971 1507 611 1493 922 43 652 459 699 781 212 826 1501 213 1454 1272 246 1422 340 911 673 94 556 713 802 888 246 1436 861 1396 88 472 934 358 1272 448 622 1216 1437 793 613 718 276 1470 276 814 366
156 1299 439 204 292 71 1465 979 1098 313 597 579 208 410 198 370 1074 402 14 195 1119 1423 718 196 504 1035 537 150 1149 76 1522 1271 374 655 217 516 1048 1118 891 1424 1531 1235 129 251 1486 1421 425 1152 1240 594 499 298 1094 251 1533 1552 1161 332 1140 696 1201 1361 546 1389 912 1331 578 519 1506 1399 440 1415 775 589 514 572 749 1224 1309 1116 1126 1136 1506 796 412 958 828 962 1541 757 1444 1272 1280 737 384 272 973 1079 1117 438 1518 1037 176 961 1342 186 543 5 453 958 1135 45 138 924 106 1375 683 1405 487 387 920 979 931 19 601 959 1227 1361 905 910 1280 1109 1075 37 1529 849 457 642 576 1436 129 903 1555 1168 978 1541 185 1505 639 1477 1099 1463 744 1332 1380 1105 776
159 295 974 618 182 416 1558 729 100 1271 529 13 467 565 503 1308 821 1166 1522 1524 1112 855 1184 633 71 287 1151 263 1013 1406 205 275 386 844 438 685 1087 852 744 592 567 1233 730 692 588 1535 344 746 1027 266 847 1063 1368 1255 938 784 754 510 1476 297 1235 133 544 98 75 1582 599 650 362 1346 274 1190 790 1185 790 103 1046 1240 1528 1271 904 129 508 547 572 269 305 726 635 966 858 1242 1474 1166 458 81 303 6 499 158 385 749 209 30 105 1174 1101 1442 1307 405 66 596 374 20 864 225 1271 659 527 1015 207 1200 1333 1230 568 34 1420 53 597 98 904 1363 338 1429 831 1530 1014 1382 361 1407 1568 253 664 732 366 64 938 450 818 1284 53 1402 1336 661 489 189 645 959 544 335
162 1560 966 488 546 543 339 1093 1592 1019 353 560 694 747 1284 203 177 1414 224 1017 707 592 1251 313 451 955 780 1124 1323 1079 663 901 24 1086 229 1536 1339 1141 857 739 449 798 183 1127 592 451 1537 1459 720 536 1312 968 304 551 1205 361 865 93 263 1013 355 137 1474 777 973 1402 965 617 488 1118 461 140 257 1014 1453 1519 1039 1281 1373 1181 1346 758 67 244 844 444 1547 1498 165 635 756 1074 664 76 124 457 1014 487 37 82 778 1365 589 1082 727 127 377 321 1209 1455 1569 1316 683 24 1126 1089 470 467 668 619 929 859 1151 389 364 1455 453 972 181 216 291 357 706 1355 1498 1268 1525 145 767 1287 544 1312 553 1476 1051 1017 1346 1331 552 1227 349 316 1074 1406 816 1186 1179 14 1191 768 225 396 1021
164 687 211 333 195 61 210 577 217 572 1428 1045 655 1583 1452 1162 1290 1454 353 1001 240 1263 852 748 533 933 217 1126 1437 171 700 285 613 1350 126 1055 1061 581 416 828 492 1225 1099 1155 1199 452 661 1444 553 1062 1133 525 771 686 138 274 1574 525 537 83 700 346 1105 692 187 1481 724 1159 492 728 655 997 318 51 711 1410 421 662 786 127 992 788 632 271 1627 589 472 531 1306 1205 584 987 362 172 288 469 374 1280 886 824 1003 1397 113 539 1183 1168 887 37 334 982 767 1562 204 1405 638 787 1504 1621 1176 677 263 568 362 1003 1615 889 1626 177 1130 489 1290 214 398 887 1368 1318 303 1339 1550 366 422 642 328 1629 399 431 81 199 919 1567 1097 1556 1390 468 1033 1159 1411 472 773 1516 1162 660 1533 1131 593
166 1374 1440 990 93 284 1580 1486 1010 458 1265 1525 321 1606 1448 1259 169 1244 26 266 394 78 39 1624 590 1025 732 650 642 1407 617 518 1038 63 1382 1610 1621 1657 1406 980 1310 1224 72 726 112 577 93 56 1233 1530 1247 634 687 36 1026 390 1465 1325 1576 1347 3 1356 526 307 1360 1358 117 150 422 1194 153 605 735 573 340 368 408 899 433 519 1485 1051 421 8 695 1137 1131 719 446 1342 621 87 396 306 1367 293 1333 745 1618 515 570 1630 1617 868 1133 692 226 72 287 402 1190 1422 386 666 1164 288 374 979 747 394 379 765 1227 198 680 1409 816 1404 99 1493 539 684 1341 609 136 90 815 269 654 1169 95 1606 992 1516 1388 629 232 763 593 1310 1108 599 702 843 1577 1640 1653 1536 491 1199 102 450 400 1131 1212 59 1265
166 937 402 1130 1421 368 1606 367 790 655 683 1504 940 828 1168 1118 1362 983 275 1079 518 942 779 244 1545 1419 1607 1077 668 277 53 645 1580 116 1148 310 237 1290 1172 477 926 1405 1178 1512 695 733 574 876 776 885 135 1624 1570 1017 874 247 1464 101 689 1349 183 537 508 709 1194 1620 645 1140 1014 1445 1156 337 417 1349 57 584 775 1643 927 367 74 1448 641 155 520 509 1606 169 13 830 1337 571 118 711 447 291 48 275 19 1268 1310 60 1553 1636 49 353 1000 105 361 155 1375 1103 129 773 1288 1110 110 1605 1594 735 166 748 730 500 84 1472 215 1166 1523 345 32 162 213 906 1486 1429 216 713 403 1377 55 100 1563 1155 920 1115 1337 1178 1394 362 291 1627 614 842 141 403 320 1603 832 198 693 1174 858 693 248 1124 1355
170 1041 147 740 16 624 1672 1507 994 610 411 791 1635 890 1560 28 1421 776 618 1591 616 1641 245 1073 1119 1043 494 1017 446 293 229 510 1010 1659 1137 380 419 1141 61 516 927 1548 965 1585 125 1164 1412 209 465 599 906 1110 1161 1322 1396 285 825 1371 289 27 1329 828 316 1587 1403 631 1041 292 1003 349 1467 571 1286 74 1485 369 1073 1150 1493 867 560 548 427 600 47 1691 549 1627 1148 1538 989 1504 544 98 981 1321 1042 358 776 582 1316 1431 739 1482 548 253 2 407 853 1434 382 1369 750 515 816 795 1021 1459 1137 1014 1682 1211 21 467 1392 449 378 741 769 254 48 1533 1140 1305 388 1640 128 1508 1058 797 470 385 915 1070 40 341 1659 251 1681 1620 355 1480 693 1161 1585 1619 1443 1096 702 1536 233 123 53 1005 1318 980 1440 1224 217 588 271
170 808 919 62 15 462 1577 130 422 902 173 1287 546 1280 650 1331 243 1468 707 642 1400 349 1028 1419 97 278 513 132 703 1438 56 298 1480 1584 142 1642 1312 547 35 490 775 749 880 896 441 1360 1035 1379 517 341 57 1371 332 1475 1013 691 1350 514 1490 1505 1153 1378 155 436 282 1444 1584 1196 1221 614 1061 715 1461 1664 1627 943 464 1386 1269 57 194 1614 1055 1026 444 1010 1560 949 837 472 814 490 852 1059 444 267 193 750 1443 516 1471 878 803 1163 1050 1062 38 820 1009 351 17 205 546 486 784 1342 633 207 1220 371 138 1037 496 1325 794 1541 43 669 377 299 140 1153 1175 1555 1276 1660 1501 1515 836 966 442 837 1091 202 669 385 474 1634 101 1267 1600 1392 219 597 66 443 1586 1654 628 1499 781 1558 1220 1633 1655 31 23 1688 934 747 1237
171 660 113 153 1016 584 352 128 738 685 1593 1379 1166 1034 678 191 1338 50 828 1033 5 111 1155 217 1150 419 538 1441 1615 475 1274 1311 873 864 1420 19 44 1561 907 568 22 566 1066 806 1126 802 870 302 37 1278 1095 1356 1213 1073 537 993 614 1679 1029 574 696 1362 911 10 660 1647 1410 1694 1514 284 1193 1162 1048 95 1014 1699 653 420 1346 921 889 1081 1141 1304 888 390 784 1449 591 703 1439 1169 1644 912 808 707 675 1415 1210 398 682 727 17 1070 120 20 487 662 942 222 220 812 338 1153 1453 926 212 515 980 777 1242 178 1 299 47 466 1633 735 612 1069 1526 535 1547 1575 684 875 1154 164 413 707 1202 119 1522 51 1576 700 1425 1040 525 1411 1603 1240 36 910 1459 652 48 712 156 1522 1095 400 229 1563 1244 448 1256 6 1000 552 153 38
171 284 852 1361 1678 671 300 561 508 1685 570 1605 83 1175 302 901 1180 1446 745 401 358 919 80 1285 616 550 1366 469 316 1023 24 111 1064 664 315 20 934 210 1028 611 1230 891 1668 74 978 330 1160 188 1053 509 942 1387 837 111 754 1642 482 648 296 1239 1618 1099 568 551 155 1399 973 1001 1531 1333 804 963 1357 395 129 1167 1217 1263 1689 21 824 1207 131 318 1629 1012 44 1639 851 824 1488 1214 760 731 933 892 375 1189 32 790 637 1340 238 1616 817 1257 1414 59 804 1029 1043 1450 1664 1206 99 715 185 332 927 253 1315 1256 1571 630 1469 1473 1049 1629 595 1324 939 438 1185 543 1418 1407 1676 588 1185 940 353 1507 1336 1390 1322 368 539 74 1268 696 1371 713 42 664 624 603 1136 1666 873 744 683 1090 569 1327 1137 226 577 86 1425 1324 128 713
173 170 1084 21 967 545 667 993 295 1514 609 129 1702 737 1335 1601 835 563 399 1681 680 1548 1660 1276 624 1434 699 796 1289 1583 626 294 628 616 1674 1694 159 1436 1095 922 708 1415 1635 1600 71 368 85 979 965 1634 1464 347 131 1606 1127 317 570 907 528 1171 505 704 923 334 1699 1522 823 935 428 1206 973 251 1279 1153 139 1714 440 1312 1416 92 1396 826 1066 1233 23 370 1104 246 1143 24 1352 1086 667 114 814 1253 469 154 372 1674 1599 642 1259 650 205 448 1096 1207 1375 1600 1662 166 913 790 1252 227 1433 1066 144 342 237 1232 617 721 1666 1333 1406 629 638 690 1072 1232 609 1015 64 273 1546 363 418 1679 1556 576 1460 816 1479 1310 1320 1462 1598 1518 1305 510 459 135 148 172 1291 1317 1213 327 53 485 1345 146 1347 436 331 1551 1718 246 577 502 1608 1701
184 1575 564 1511 137 1340 1362 1531 1411 957 1628 901 397 1763 365 1374 1628 338 883 76 1347 1217 774 683 901 398 597 853 1530 740 745 1453 406 601 1398 723 858 1747 1475 1594 324 991 1505 1663 1035 1485 1377 565 1497 1469 419 779 1252 1470 1502 750 397 1503 61 163 147 1599 1645 617 430 1690 616 31 355 1682 813 1466 1337 291 1471 1432 1081 173 1218 967 793 87 1300 756 219 1336 70 1251 580 1240 1177 885 968 1619 972 117 1363 1385 1502 763 250 670 257 1016 1379 1335 856 349 176 585 1683 421 1192 1307 93 1414 1008 557 1439 34 1446 688 1831 1494 488 292 231 98 1364 414 768 775 1795 1376 694 881 1621 1503 1000 577 1022 1804 652 320 455 299 1333 591 1511 1447 1208 532 261 877 1575 515 1589 1220 487 603 821 1737 1245 1033 1602 236 1276 1786 1557 817 656 88 1332 396 1514 1822 1755 1486 875 772 1023 263 544 643 1033
184 236 52 1279 624 242 1737 806 966 1784 1269 1611 567 1379 1057 1681 238 915 1586 466 1788 1152 780 184 2 491 400 257 811 1446 1480 5 250 1097 1617 1823 1437 1132 1697 208 945 94 1500 278 1087 299 1255 330 1229 1543 1478 1792 1093 418 209 762 699 1183 341 396 633 31 1283 576 1391 676 928 1674 1358 1171 1714 1476 71 500 686 523 557 617 1399 277 1703 674 943 634 742 134 1182 1774 371 1214 379 1061 45 1542 86 840 534 1319 815 1040 684 203 1166 742 127 635 1101 1782 349 1050 705 1473 337 736 721 511 1595 547 1773 715 1333 1018 713 1092 361 1654 1342 1262 1342 1695 772 198 1610 1697 1137 1375 297 936 906 390 1231 388 164 1701 6 977 1558 67 575 1741 199 409 825 1200 754 959 550 1136 1568 642 887 290 730 573 1248 1776 456 107 1751 1014 147 1133 1701 1582 181 1511 733 1091 1404 299 1645 339 1086 1029 1397
184 1080 485 890 683 1425 1367 662 1211 636 1373 543 234 68 5 537 557 716 722 1302 94 266 751 888 1330 485 1728 773 1095 1380 18 1555 1035 312 997 478 996 708 537 1322 1331 855 687 1372 1328 92 212 1813 307 639 892 513 453 857 872 1137 1314 1351 1764 206 76 620 693 1037 179 31 507 1269 191 1221 485 488 1059 430 130 783 6 115 1235 940 414 1191 1241 1322 1143 620 1281 1776 304 1728 339 1556 359 1084 1266 103 541 1756 1776 1377 1759 315 218 1196 1713 1145 743 1492 966 777 423 1547 429 1206 405 813 1793 1431 1332 1698 1542 295 1223 1007 47 1290 117 1770 1454 319 825 1620 480 790 160 1430 111 1493 394 320 878 943 1461 790 731 644 422 1498 1545 1160 1196 376 1802 1120 1485 705 244 790 330 1787 1423 361 1063 683 1019 1250 495 1338 269 613 1115 1432 491 763 175 114 1626 962 853 288 535 466 320 567 712
188 110 596 819 778 770 1195 1059 590 533 847 250 772 615 614 57 945 531 1713 301 1259 5 1352 646 462 137 1718 771 298 1473 1429 1101 32 1668 1379 811 69 1750 112 949 215 647 1619 222 593 1411 347 455 984 84 1146 61 477 1090 846 1499 1208 1727 511 755 292 443 158 1418 1310 1724 1529 1613 1764 1273 261 1469 1374 523 1567 502 580 1508 1703 1351 1752 58 1457 1098 596 1291 1478 1193 1070 1318 116 463 1418 53 1676 1287 1772 133 921 1406 1100 1048 1111 357 1309 1015 434 1212 1288 1685 1771 841 93 1186 1229 1553 586 1862 1416 776 610 1493 7 361 291 1864 1292 734 1245 1480 560 405 802 1590 1241 298 453 1125 1268 1737 1291 939 375 1075 342 104 451 269 905 742 115 1522 1629 1154 1821 1069 843 323 1678 1417 20 70 128 153 1323 117 1802 46 1077 322 1385 117 1774 225 1839 733 993 980 798 231 1442 368 1128 1819 272 298 1077 675 1273
190 938 678 1703 1718 870 1011 1711 1829 441 1811 822 1000 1648 1312 230 998 873 256 1471 1404 1201 1829 1885 1337 1135 71 811 1841 1250 357 1385 1664 417 1545 1087 1643 652 815 1097 356 1549 1736 1695 1353 1513 1121 1390 1625 1089 284 1581 786 179 500 28 1432 1292 1887 1786 1332 697 53 1195 522 1410 1162 1540 298 703 899 1275 737 147 75 460 214 292 269 1688 1112 1874 259 1698 1254 1857 236 1051 1611 468 1143 1004 1432 884 1532 698 1347 1042 1203 399 962 454 243 1889 1149 1192 127 852 1630 142 915 16 1457 778 1512 1850 1264 1543 969 824 252 1079 1846 1220 839 1882 1520 703 829 697 1634 1546 1869 1507 304 1480 1189 366 887 59 1614 385 479 408 1099 536 1038 376 614 1366 1322 1838 257 979 1332 1687 1561 1623 1619 1710 1597 1468 1595 357 993 876 510 927 1113 1296 750 1707 226 1312 1592 1145 1179 1707 798 402 1109 839 785 953 1539 1484 752 1290 1553 1477 1460
191 1463 1552 146 1396 518 598 1273 354 906 1407 1117 1595 1208 1442 1813 20 210 247 658 1067 1785 1438 7 768 361 833 1714 530 858 990 1351 989 480 327 1421 1802 632 1516 508 578 347 1293 803 1273 502 1191 1131 1294 27 1138 385 1501 390 1332 740 1851 834 1123 307 161 1481 9 527 1063 516 1339 1291 1466 884 481 476 1440 1466 273 376 1291 463 544 935 85 1409 1066 1770 856 670 390 1634 211 1345 1337 615 1531 972 360 1787 39 1311 611 1167 1856 650 1864 1369 1563 528 1549 1766 690 899 364 1281 1135 1408 668 662 611 1907 84 980 1370 1592 1205 15 560 1053 1203 1778 400 501 990 638 306 232 1416 765 403 238 860 19 1873 1174 1028 175 416 972 540 989 1234 1130 1513 1078 1526 303 1422 42 1447 1665 171 1293 390 1628 707 1069 698 1511 532 1751 485 1833 289 1806 1749 1355 1361 1331 870 1383 165 462 948 1873 1830 543 998 678 1698 1060 1224 581 139 533
193 685 1533 1080 1253 1053 272 1322 1895 325 406 250 1497 768 1639 763 429 1520 350 1915 637 1773 1527 1740 1245 491 1895 1398 317 445 1447 166 557 660 1614 503 1109 1005 1144 650 483 1505 1066 1115 27 335 1202 660 1372 1155 27 143 618 1365 1368 228 531 388 916 983 57 424 278 330 655 790 724 1665 594 1323 934 522 685 200 1474 800 1399 961 643 1887 1050 1861 135 1550 944 1318 270 1557 1489 209 1771 265 1582 1730 717 705 208 1791 179 308 958 1902 152 1218 1206 1147 788 471 53 783 311 795 425 58 1206 1331 266 1355 197 978 192 803 1425 231 838 577 1214 603 1248 426 602 281 668 1836 1749 1018 185 1860 1235 1043 1503 332 1667 1290 637 240 741 126 1037 947 1334 1028 1896 1648 764 717 1833 520 813 867 307 1079 1105 1179 152 79 1131 414 567 495 1105 411 1680 198 1882 479 719 1272 1770 25 1020 1342 1505 1446 937 1411 549 1147 947 1879 1818 1047 1211 86
200 1022 1443 296 777 973 319 1077 59 827 1323 1270 1358 924 642 1144 953 217 1870 550 1422 1936 1997 681 549 74 314 700 1998 1462 377 1767 1084 279 846 255 1372 472 1322 1216 1290 1562 701 283 1943 679 903 250 20 872 1968 546 358 910 1114 165 688 51 1335 1155 969 1203 556 873 910 1274 960 1576 304 453 560 1311 1556 1795 90 1128 1207 1951 371 198 13 77 452 1199 1082 429 155 1178 1875 1977 676 1073 1119 738 1927 373 1243 36 1285 1058 716 1684 1639 1035 778 1375 1540 1688 1562 1509 1563 827 603 1809 176 714 814 1287 1929 997 1774 744 247 858 1173 1912 1613 721 650 1623 1797 993 532 11 1738 1563 1996 1877 626 811 41 1182 1693 87 129 1874 1834 1128 243 428 954 531 727 1412 1594 1374 867 197 39 351 721 324 820 1368 608 505 1024 1360 1496 987 336 325 319 1159 1488 961 747 1779 1129 550 940 769 193 901 393 1517 1530 909 482 254 1705 93 314 643 143 1717 895 522 1139 270 1288
203 919 293 1146 1633 1120 380 784 1096 865 992 1187 95 299 458 1146 526 1816 1111 876 398 926 879 1860 1169 1906 736 1465 24 1459 1128 893 427 1091 59 1401 1072 923 664 253 1067 309 560 460 1470 496 2000 1954 1603 719 1057 1048 1395 1719 432 674 82 761 179 786 1424 569 2024 141 1280 686 849 1577 1055 83 1050 1518 1706 1403 846 967 491 1930 1166 1833 1030 1659 407 400 750 1402 278 1650 205 1113 1792 123 778 1703 1302 427 1456 824 1332 745 1277 280 372 1051 180 930 1407 1059 1190 148 829 1805 220 1039 1054 1037 1174 643 873 1106 194 2014 919 1043 795 1068 18 931 1917 1854 1306 194 1320 765 168 1833 1524 1940 1588 1370 1513 1660 1478 1705 46 512 646 1821 1839 965 816 474 1557 1598 427 1928 1858 113 440 874 767 1502 25 434 1593 496 1926 1456 1677 792 1129 1986 1436 466 430 649 78 452 263 1557 33 1352 696 1942 1755 1844 1894 1296 1804 1991 1571 1458 75 991 1190 446 1524 1504 153 1633 26 565 974 768
