18 20 51 54 65 72 20 11 18 80 75 79 39 79 109 87 43 10 31 
17 26 61 109 41 79 28 91 49 37 78 91 107 40 32 51 96 95 
3 49 55 84 
4 25 65 35 24 
9 21 77 16 63 45 19 62 77 88 
22 10 79 11 78 61 109 61 83 102 47 20 106 86 18 32 43 33 39 68 99 75 31 
8 81 84 54 90 88 21 21 63 
11 90 64 41 93 15 44 19 108 81 29 56 
0 
2 78 43 
2 59 53 
17 24 75 62 48 49 106 80 80 17 91 33 80 24 39 64 107 45 
13 16 95 22 88 41 22 67 61 55 70 10 98 14 
16 63 66 14 55 63 37 77 22 18 52 45 84 81 99 82 68 
4 40 53 51 18 
1 63 
18 87 108 88 39 49 44 106 54 100 62 51 105 89 18 70 50 60 105 
14 84 46 48 94 75 31 90 17 91 16 22 109 46 73 
4 27 12 73 75 
21 16 80 98 63 59 58 23 51 61 18 18 35 54 108 71 72 29 51 31 63 10 
8 62 98 106 92 67 108 107 33 
22 13 103 47 67 104 95 80 98 46 41 106 23 37 56 85 99 76 78 20 29 30 106 
23 18 102 15 76 53 65 51 50 68 44 39 77 90 24 100 78 13 31 26 78 10 73 53 
15 91 74 62 10 94 58 85 55 103 91 21 46 98 62 38 
21 48 67 76 28 33 66 49 36 87 17 57 87 80 52 29 13 16 34 65 101 34 
6 46 27 74 109 63 62 
3 43 108 51 
15 74 21 76 82 12 54 59 20 101 89 42 44 60 46 50 
24 101 93 109 32 81 78 48 32 84 100 35 17 51 76 60 67 40 26 40 42 70 41 104 14 
10 37 48 23 25 40 49 68 24 100 43 
12 69 81 70 43 72 95 102 13 14 52 70 96 
10 52 28 81 84 23 37 46 102 75 59 
7 105 99 27 71 89 60 61 
15 32 21 33 46 58 26 49 14 20 61 100 31 104 19 54 
18 84 81 14 28 46 16 87 93 57 104 107 88 55 58 79 29 21 102 
5 69 70 104 74 81 
22 16 102 101 77 46 21 51 17 78 69 105 84 98 40 31 93 37 109 90 37 78 109 
13 23 64 108 35 10 24 106 107 30 50 51 98 86 
2 91 45 
20 103 40 56 91 23 77 26 50 29 106 78 49 105 16 14 59 66 40 11 32 
3 61 105 29 
17 45 105 106 26 41 27 71 23 73 53 36 93 69 29 64 66 49 
20 13 107 60 15 16 42 16 38 20 67 33 39 11 68 87 108 37 70 77 98 
23 92 93 62 27 105 33 33 13 72 79 16 69 81 73 75 13 80 56 75 89 31 105 43 
7 82 93 69 94 60 109 19 
9 45 71 12 40 46 35 95 108 56 
16 20 27 17 37 82 87 35 48 18 57 95 103 89 19 86 100 
18 88 99 12 73 34 74 27 16 62 52 101 61 51 45 23 68 52 102 
6 81 28 31 41 75 16 
0 
21 25 63 96 18 42 85 20 105 62 36 22 20 89 16 12 92 109 99 57 68 41 
14 51 64 19 72 95 36 30 20 32 45 26 18 105 58 
11 15 105 98 94 69 108 25 27 62 107 27 
16 106 37 82 97 78 36 107 92 74 33 12 36 56 99 52 16 
9 100 52 99 95 40 35 106 91 50 
14 43 99 41 85 95 68 109 35 88 88 32 70 52 107 
14 78 105 13 21 12 97 63 54 38 101 37 64 97 18 
19 11 103 46 94 78 31 104 30 56 82 108 30 94 102 80 108 70 75 63 
23 29 50 87 74 31 30 53 85 17 13 31 71 106 67 107 27 41 102 47 39 26 97 12 
1 89 
22 61 101 47 67 25 67 107 54 83 28 74 26 55 33 29 77 94 77 86 44 94 69 
1 31 
14 104 70 101 57 49 73 109 93 62 18 60 71 15 104 
9 86 20 12 83 43 83 102 80 51 
19 14 35 38 92 109 79 38 21 70 86 61 85 37 96 90 45 46 51 102 
5 38 78 102 92 104 
0 
6 96 57 59 17 13 36 
11 47 87 67 76 99 80 52 102 55 79 88 
2 66 24 
21 58 106 109 27 98 91 73 75 99 59 23 100 67 78 27 55 68 56 12 34 45 
22 28 37 80 49 67 109 105 81 80 53 77 79 22 65 13 85 83 54 87 96 45 44 
6 14 41 74 60 43 50 
11 68 68 75 90 59 33 89 54 56 60 98 
14 81 62 31 84 38 104 81 15 42 16 101 49 72 32 
5 22 17 58 60 27 
6 78 107 66 101 39 62 
12 89 102 13 12 55 35 87 35 81 58 40 14 
6 83 105 30 57 12 42 
4 60 45 34 19 
3 31 27 56 
2 79 45 
6 72 49 94 69 26 23 
9 49 23 76 105 81 49 100 101 96 
20 85 102 105 20 26 14 23 100 83 21 102 105 57 36 67 48 20 78 16 85 
2 55 50 
18 51 21 19 93 64 105 38 39 97 86 50 66 42 15 56 16 79 48 
1 26 
14 20 16 36 88 74 11 92 71 103 10 64 14 19 48 
8 66 28 98 105 104 90 61 37 
12 59 95 16 98 96 84 14 106 90 41 36 54 
9 18 68 88 70 22 44 31 60 55 
2 31 43 
24 25 75 38 104 12 87 89 71 27 75 45 32 23 26 15 101 22 99 109 80 29 69 93 64 
5 95 109 19 16 94 
9 84 11 24 30 13 101 10 26 71 
17 62 45 93 30 50 84 42 91 84 65 11 95 100 17 76 85 16 
2 44 52 
11 70 53 37 90 108 81 90 25 42 60 77 
17 43 97 69 17 81 50 91 88 51 77 78 10 95 106 16 22 92 
0 
1 52 
20 63 32 104 34 65 71 18 15 90 85 48 29 96 107 100 37 41 31 30 60 
14 31 45 47 89 109 29 90 35 71 85 41 46 31 17 
16 92 26 58 72 53 48 91 40 45 34 19 76 55 39 26 96 
0 
3 34 40 13 
18 72 90 67 47 21 103 21 81 46 103 49 94 18 44 32 51 74 19 
15 35 86 72 65 102 59 15 58 35 97 61 78 59 41 87 
14 105 80 60 28 16 105 67 52 13 101 26 55 18 36 
12 43 12 35 98 56 36 56 104 61 95 107 81 
10 39 59 36 86 81 38 56 88 33 13 
22 37 56 99 34 64 25 96 50 27 73 90 25 51 36 20 102 74 17 26 61 98 75 
2 26 46 
5 72 76 90 27 49 
9 74 90 93 80 105 32 20 74 95 
16 89 37 79 51 81 95 11 49 46 99 14 75 68 103 32 82 
11 13 100 12 72 16 92 108 86 87 30 49 
16 67 92 83 46 13 24 70 99 25 109 87 67 66 53 25 11 
15 97 22 78 39 25 93 45 59 91 74 37 11 65 30 68 
12 103 57 102 70 17 91 85 16 69 42 72 64 
24 73 29 49 38 98 78 105 33 66 54 14 82 33 15 37 106 25 26 51 24 18 11 31 52 
2 90 63 
11 104 17 71 20 36 10 48 76 78 95 99 
1 39 
18 58 15 60 85 11 28 53 104 42 62 106 16 104 35 96 57 96 42 
4 57 52 42 109 
7 109 30 27 98 106 109 44 
22 14 94 34 67 64 78 61 97 30 109 103 24 34 41 23 21 73 29 20 68 61 20 
15 60 92 18 101 88 17 35 85 73 71 10 30 26 78 33 
5 50 33 10 16 57 
6 29 20 56 100 83 14 
16 45 105 54 27 65 45 57 72 22 33 87 83 85 107 99 105 
22 54 97 105 106 103 105 37 74 15 36 64 40 40 105 75 87 101 44 42 36 92 56 
13 67 33 22 42 82 63 89 55 60 76 102 56 69 
12 36 85 55 62 39 37 44 86 103 74 78 89 
23 56 71 105 95 28 80 59 12 105 64 43 102 14 109 94 13 20 34 39 95 31 43 76 
23 77 105 103 93 73 83 42 71 96 89 56 67 59 57 69 106 12 103 98 16 54 35 19 
5 11 100 102 32 33 
11 32 53 16 78 36 31 103 20 92 41 99 
6 98 101 38 58 97 92 
18 86 99 47 63 60 54 64 103 99 38 26 10 12 21 68 80 48 41 
15 10 75 57 100 108 45 91 37 45 78 71 38 106 12 28 
24 63 72 65 56 61 93 24 13 96 36 23 18 26 106 34 26 72 33 16 70 20 49 49 56 
8 11 84 66 13 102 68 18 17 
13 16 20 107 31 76 45 57 41 53 25 38 29 41 
15 104 100 12 15 91 104 61 99 105 87 108 60 32 66 69 
6 79 75 101 28 48 19 
3 47 51 59 
2 79 78 
11 21 73 88 23 30 69 17 33 11 64 10 
24 67 84 17 26 65 86 43 109 105 34 18 10 71 59 59 76 80 28 12 91 43 90 57 15 
16 16 38 102 23 90 53 80 65 60 96 72 37 81 71 84 105 
22 84 67 81 34 85 52 104 87 85 89 19 32 46 10 91 74 55 104 54 98 74 61 
14 12 24 28 83 37 54 31 59 28 40 83 104 15 25 
15 44 52 81 53 75 17 105 56 33 50 102 78 39 66 81 
20 20 47 48 45 75 44 66 76 14 48 49 61 53 16 101 39 59 25 82 24 
24 78 22 108 70 66 76 51 74 99 71 84 37 61 19 102 95 28 20 100 18 60 51 14 66 
9 43 15 61 16 81 36 36 45 34 
13 53 52 90 17 41 51 91 68 55 53 12 92 23 
13 82 31 25 75 35 33 12 69 91 63 27 14 89 
20 102 13 43 45 107 23 53 39 17 86 49 62 29 52 96 94 17 21 16 84 
1 41 
22 40 52 88 94 69 93 25 64 85 81 50 72 78 63 15 107 22 92 47 26 63 41 
3 48 48 24 
19 22 52 37 71 83 32 50 67 43 85 82 50 12 53 90 74 74 95 32 
11 108 14 60 24 19 43 27 57 81 93 53 
10 36 33 59 109 107 51 66 40 26 90 
22 80 86 12 96 50 98 18 63 48 74 66 62 84 99 32 83 23 15 79 10 41 102 
24 40 51 100 48 81 68 81 104 90 57 58 77 49 98 37 54 36 102 10 41 28 52 15 101 
5 20 70 65 104 14 
7 86 55 109 25 79 68 48 
15 100 95 73 67 86 14 47 82 92 39 83 23 57 25 80 
15 32 91 13 87 37 17 96 13 15 96 80 36 54 18 51 
11 55 66 106 83 70 43 56 53 24 29 18 
11 96 89 13 18 22 16 47 101 76 34 104 
23 20 27 59 16 35 100 54 33 108 50 106 69 83 52 64 97 23 24 10 61 55 66 21 
9 24 11 10 90 35 57 65 97 74 
4 55 51 56 99 
14 55 40 23 66 65 17 72 53 83 38 105 34 84 61 
13 45 76 99 98 108 76 45 64 15 61 20 60 54 
9 101 71 16 83 84 72 39 43 86 
24 16 14 81 41 40 33 29 28 51 70 16 49 36 103 55 41 54 18 43 50 27 34 11 33 
0 
2 47 89 
11 23 65 77 79 36 60 10 59 31 80 52 
6 86 92 17 79 89 100 
15 97 33 15 66 10 69 41 12 96 78 91 57 43 98 25 
3 24 75 65 
16 97 35 68 30 63 102 38 84 34 80 49 73 56 106 30 108 
5 61 10 52 30 43 
16 15 31 66 70 97 84 25 65 23 102 24 43 107 68 23 81 
9 94 20 108 92 69 28 90 24 79 
7 18 51 75 60 109 96 68 
9 35 42 37 91 107 81 57 41 79 
5 106 50 102 42 13 
15 24 72 18 56 38 39 88 47 33 53 49 32 91 107 43 
7 92 70 50 89 42 97 72 
1 54 
9 103 46 101 106 36 68 68 96 14 
12 78 45 86 101 88 25 75 22 74 60 81 56 
11 21 36 105 60 50 58 104 109 51 41 53 
15 19 11 58 106 67 97 74 102 25 17 33 92 34 45 57 
1 68 
18 47 31 81 94 81 22 42 75 21 36 106 16 26 68 17 26 64 27 
6 80 19 81 39 42 64 
5 29 63 41 87 56 
19 108 28 15 79 92 100 97 55 78 45 62 94 103 21 62 57 38 70 79 
13 94 108 32 100 13 52 53 45 81 99 66 32 69 
13 53 103 13 40 49 81 76 101 17 21 64 22 21 
8 82 90 31 66 41 105 108 96 
14 51 83 71 93 91 45 104 105 88 98 60 71 37 32 
4 80 91 100 34 
18 11 69 28 44 90 36 75 38 35 61 27 76 87 88 59 68 75 106 
3 54 94 14 
7 73 88 46 95 21 36 19 
5 90 31 85 24 63 
1 41 
6 36 44 109 55 21 39 
21 80 105 52 33 101 88 89 58 51 19 94 36 31 72 98 36 104 19 63 70 72 
4 101 54 43 36 
20 88 99 34 86 69 81 29 45 72 107 24 20 101 34 56 27 55 71 67 33 
7 76 86 78 91 92 69 87 
17 47 82 55 37 106 32 48 78 103 83 92 100 50 103 43 74 101 
1 71 
4 18 46 22 37 
14 90 18 108 101 95 76 91 19 21 18 15 95 108 35 
5 82 18 83 22 63 
6 38 106 67 51 11 28 
2 23 107 
18 55 15 101 46 52 67 79 61 31 87 18 68 86 96 99 10 56 72 
12 109 78 102 57 88 43 58 58 72 23 55 17 
8 60 108 57 54 18 26 105 91 
21 65 101 84 51 90 36 97 104 100 48 25 92 48 103 77 96 51 39 62 96 46 
12 98 96 71 42 56 88 89 37 86 96 29 12 
3 61 38 77 
21 28 68 71 62 106 16 29 44 109 58 96 47 46 59 35 84 72 19 31 102 50 
0 
18 36 29 32 16 33 12 84 79 30 94 92 82 90 50 53 24 49 101 
3 38 89 64 
3 64 26 24 
2 19 64 
2 39 42 
22 62 49 32 64 75 53 37 59 87 61 91 27 105 105 18 48 10 46 80 64 51 34 
23 65 61 42 71 88 71 103 87 75 42 61 82 107 104 109 108 81 12 89 50 107 37 58 
13 37 46 68 44 87 44 67 94 95 51 55 25 12 
16 55 30 33 106 102 83 101 53 33 24 55 13 65 105 92 13 
8 71 102 51 105 31 85 14 16 
12 55 13 89 10 104 34 30 80 83 22 105 26 
5 28 40 62 31 95 
22 65 51 40 27 43 33 74 64 108 79 22 72 76 78 52 76 24 28 48 94 101 12 
4 69 19 108 100 
12 81 85 19 89 26 50 106 11 73 22 18 24 
6 30 38 10 50 32 28 
5 51 67 101 94 69 
23 106 79 31 96 41 54 71 102 33 40 42 81 41 58 94 101 24 27 22 104 27 14 27 
11 69 20 55 61 56 14 84 52 35 57 38 
8 53 52 11 29 34 95 100 17 
10 36 109 61 54 73 56 23 77 25 11 
4 87 56 40 33 
3 66 28 38 
5 108 99 60 102 52 
19 26 89 22 86 27 100 37 78 44 100 76 58 67 43 11 46 20 58 28 
11 61 36 66 41 43 64 82 46 109 24 67 
17 56 79 53 73 22 80 93 56 22 60 56 32 45 58 20 108 58 
6 94 109 17 102 92 103 
23 65 39 107 31 96 75 29 18 70 92 30 93 76 28 57 78 75 79 13 75 90 11 75 
11 47 74 30 39 108 23 90 15 104 87 89 
8 104 108 51 17 91 23 52 109 
6 99 77 58 21 32 75 
16 86 40 14 75 104 86 57 55 52 37 12 46 14 91 79 61 
5 72 20 23 85 62 
12 17 103 41 65 14 63 31 57 91 61 61 57 
23 38 104 105 80 31 107 68 87 89 38 90 21 100 100 34 76 52 98 35 46 29 90 102 
24 63 50 68 67 53 15 65 33 61 60 55 82 109 14 11 88 94 92 51 36 82 75 54 77 
5 79 65 86 12 57 
3 17 97 21 
14 93 26 81 16 29 31 62 101 83 66 102 61 50 84 
18 28 109 20 73 76 26 42 31 54 96 78 107 104 18 18 68 101 86 
5 107 105 13 11 48 
1 67 
6 90 59 67 35 78 66 
10 93 32 13 25 105 58 64 74 55 58 
24 16 16 25 92 98 74 88 102 76 26 30 85 109 10 87 19 35 107 75 23 90 50 26 57 
10 26 11 61 72 11 85 78 18 52 12 
23 17 90 50 35 59 71 62 10 23 91 19 49 40 37 62 72 77 30 72 64 47 73 68 
1 27 
8 81 87 86 83 35 45 16 76 
12 17 89 26 17 102 108 27 41 38 54 45 53 
13 18 15 79 55 30 37 58 47 23 29 24 99 54 
15 86 60 16 50 67 47 66 27 39 64 44 23 45 40 10 
3 55 18 93 
16 15 13 104 15 103 17 34 17 58 79 57 86 81 15 26 39 
17 82 108 34 89 42 99 24 24 99 54 21 108 37 87 65 92 81 
11 85 40 47 93 40 68 92 16 40 50 84 
11 44 57 19 68 36 103 57 102 69 47 46 
20 97 25 57 104 59 81 65 35 11 55 70 94 13 104 52 43 44 27 106 79 
14 15 89 52 108 37 44 67 26 80 89 65 47 37 59 
11 108 67 73 61 12 33 97 67 28 40 101 
4 57 49 35 73 
20 15 15 105 42 49 15 10 71 94 65 108 73 14 46 23 23 10 27 77 33 
4 35 103 44 78 
0 
8 17 85 106 14 90 11 10 74 
17 67 74 63 51 29 13 67 86 50 80 51 102 97 19 77 102 96 
13 88 64 73 22 23 48 18 28 81 72 80 45 64 
2 62 70 
20 81 73 87 109 65 58 51 109 97 12 77 89 98 90 20 104 53 32 17 43 
7 35 14 54 105 102 109 84 
19 21 105 77 36 82 29 92 82 70 91 70 24 58 101 12 90 11 106 33 
0 
3 19 68 91 
15 64 38 67 15 13 63 26 108 83 53 32 54 87 105 14 
10 17 28 21 108 82 101 62 78 25 37 
23 86 95 66 51 50 95 61 107 98 66 24 48 39 67 22 83 44 17 39 54 76 109 17 
15 33 109 27 101 76 106 77 52 92 33 93 84 70 44 81 
23 101 47 48 82 104 61 108 90 20 89 87 87 41 94 104 64 93 73 108 11 69 27 53 
18 50 37 29 11 23 101 11 66 90 102 39 85 53 89 17 15 20 46 
9 51 31 90 58 66 53 56 68 65 
15 63 10 65 90 30 18 104 73 72 12 53 64 41 80 59 
12 88 64 83 76 99 76 49 79 76 106 75 74 
6 82 89 69 82 97 102 
19 105 48 17 67 50 13 73 34 83 22 48 13 77 73 80 18 40 19 87 
21 67 104 23 25 76 102 37 101 89 29 45 37 19 53 94 59 108 10 35 81 22 
14 37 41 37 107 49 19 68 79 68 78 73 81 93 92 
13 20 83 105 91 70 32 100 65 16 50 63 68 27 
0 
21 91 62 12 71 11 104 80 21 73 38 89 88 61 73 22 25 35 47 20 17 108 
9 107 63 100 99 17 11 17 94 82 
15 98 36 11 51 30 34 62 93 62 42 24 14 57 36 81 
22 74 43 41 24 27 91 77 69 80 36 70 39 20 94 32 108 21 33 49 41 57 54 
17 62 86 43 18 85 69 41 57 85 74 41 99 43 22 67 54 44 
8 15 26 56 51 48 54 62 23 
11 46 71 90 65 75 18 98 35 93 57 66 
7 85 82 23 74 15 87 83 
24 22 19 16 38 65 58 76 61 62 41 49 50 102 29 105 19 89 93 44 72 93 100 107 68 
12 72 84 29 50 58 31 14 67 89 42 74 37 
0 
15 42 91 65 82 36 36 30 97 16 13 32 30 48 74 79 
21 89 42 81 108 34 81 81 38 90 61 22 54 40 24 21 72 57 76 97 35 55 
7 23 13 72 97 85 11 61 
20 59 92 39 82 43 63 53 14 43 33 65 107 29 48 21 41 10 20 107 49 
11 104 108 59 107 71 46 83 24 49 80 73 
22 61 46 65 14 41 21 99 17 77 48 36 15 59 67 67 21 17 59 57 11 57 106 
1 70 
9 86 36 34 108 52 56 59 40 63 
5 71 74 104 30 93 
7 57 50 43 66 60 54 73 
24 102 27 108 50 78 21 35 106 99 59 104 41 57 53 71 62 58 85 78 104 105 62 88 104 
19 21 61 104 17 24 55 61 93 54 54 13 17 79 109 106 80 103 90 27 
13 51 31 46 78 99 92 74 51 70 68 48 33 71 
7 93 38 88 44 21 84 40 
15 43 109 76 39 79 22 19 48 10 13 21 99 81 11 33 
12 104 94 56 42 69 69 75 52 97 105 39 109 
19 69 76 64 69 42 93 90 106 55 81 107 10 92 48 81 45 71 21 40 
22 67 72 67 78 89 109 66 36 90 65 105 50 83 11 61 15 47 93 64 92 16 61 
9 51 51 15 86 64 26 16 62 35 
21 71 104 62 22 12 89 103 19 36 95 92 38 46 49 75 81 103 109 88 106 43 
19 47 100 105 54 69 64 106 46 37 19 92 41 31 94 20 24 103 99 109 
0 
17 97 25 44 69 18 43 47 67 28 18 56 18 65 100 77 19 48 
4 98 57 96 30 
19 81 92 45 26 81 97 102 98 84 69 84 95 29 17 84 86 87 92 33 
11 48 23 15 109 62 19 98 61 58 70 30 
21 52 18 97 24 105 41 64 79 52 39 65 72 98 91 100 76 74 23 14 64 89 
9 63 93 81 103 44 29 63 17 52 
21 25 91 20 20 23 74 41 65 55 48 79 44 30 70 62 46 35 66 100 14 27 
18 49 98 47 84 69 100 43 11 48 10 45 58 72 10 75 103 17 72 
9 87 58 14 47 10 102 24 18 92 
19 36 35 20 24 24 46 84 15 79 37 105 79 72 54 93 72 71 87 80 
0 
13 109 34 79 98 34 71 12 95 53 83 21 30 94 
2 45 30 
3 102 52 41 
12 21 55 93 105 70 106 34 92 82 47 91 106 
8 79 82 29 33 67 72 107 30 
9 91 108 79 63 63 71 105 94 11 
9 92 94 16 52 91 40 34 63 29 
7 11 87 88 83 58 11 93 
12 108 65 106 41 15 76 47 69 89 42 105 90 
16 87 27 107 81 108 89 57 13 60 14 14 89 92 39 37 46 
14 99 96 82 48 80 87 66 17 46 45 49 94 78 93 
11 95 90 95 93 22 42 48 72 99 104 52 
23 85 79 69 50 21 108 74 59 78 51 67 85 40 102 76 24 70 59 37 55 92 22 90 
19 107 80 18 48 74 60 71 102 82 83 42 45 81 58 46 101 99 103 28 
19 95 94 43 108 96 23 105 78 35 38 24 84 108 32 22 25 35 36 17 
24 109 101 94 32 49 30 23 38 23 93 10 60 77 95 10 15 108 106 35 86 86 49 60 84 
14 25 51 101 51 58 50 102 101 34 24 40 54 89 21 
9 72 73 21 91 58 22 97 57 18 
12 85 46 14 87 20 28 102 14 19 43 14 11 
0 
21 35 101 88 31 80 99 40 94 62 51 76 63 15 15 62 23 27 37 11 31 14 
14 101 59 78 62 44 82 63 22 30 88 13 109 61 36 
15 43 20 55 37 38 108 42 43 12 108 13 39 109 86 95 
13 78 44 41 30 79 66 36 43 86 66 46 37 18 
12 78 51 35 23 78 15 73 63 101 75 61 104 
21 60 80 41 76 48 28 107 21 49 15 47 82 92 55 70 71 63 85 39 57 62 
19 77 67 19 30 58 36 33 52 82 84 75 66 102 65 36 99 76 27 57 
5 99 91 63 11 52 
6 86 82 15 38 28 83 
11 38 55 96 64 79 91 89 105 56 97 97 
3 23 38 82 
5 85 37 81 18 42 
22 61 101 11 85 106 39 103 31 77 83 29 16 90 98 97 69 45 95 108 84 48 21 
4 20 103 40 100 
16 100 32 50 51 23 51 26 72 33 72 93 100 45 12 106 25 
17 45 36 39 30 34 13 69 97 68 31 42 50 21 58 40 44 51 
24 109 92 50 71 15 64 55 58 100 109 106 67 104 42 46 33 14 22 37 73 10 47 95 42 
2 58 43 
9 92 84 93 92 18 86 105 24 40 
17 24 82 102 20 92 96 104 28 19 109 40 98 24 92 35 109 77 
4 58 10 24 92 
1 107 
16 44 35 22 10 18 14 76 90 58 87 24 44 81 94 106 32 
15 94 47 59 72 98 26 26 46 78 92 81 56 42 97 43 
7 61 43 75 18 10 108 66 
4 22 53 62 107 
16 85 74 37 22 23 99 10 92 68 99 12 50 22 59 82 61 
7 40 13 77 57 73 77 55 
19 58 68 24 11 65 15 38 81 43 102 94 84 54 28 42 95 31 35 107 
20 107 59 14 89 14 81 37 77 101 82 48 49 92 15 102 99 20 30 70 105 
14 107 80 19 25 64 56 98 89 54 68 87 55 72 18 
24 96 97 78 87 70 68 78 104 73 71 94 36 43 106 31 60 55 53 69 71 108 15 11 87 
1 70 
6 56 84 25 57 22 12 
17 99 24 88 68 71 51 81 107 29 66 103 51 16 49 46 27 62 
9 85 63 22 86 75 80 85 102 95 
24 14 50 52 56 16 82 14 77 75 37 74 95 93 68 88 100 59 24 17 63 59 92 68 23 
11 34 93 96 78 31 22 82 23 16 28 29 
3 84 97 54 
3 13 39 47 
13 69 89 72 83 48 77 84 83 36 49 94 12 85 
22 80 58 44 104 71 51 23 90 29 49 29 73 55 33 54 92 46 13 23 61 87 61 
18 13 34 106 53 70 108 28 92 78 76 27 73 89 68 38 21 87 29 
6 103 74 16 47 108 104 
18 21 55 32 25 26 35 101 22 78 62 73 48 44 41 66 13 56 45 
11 84 57 101 56 40 46 20 46 35 19 92 
18 82 90 50 49 58 28 41 70 48 93 33 87 79 17 43 83 63 31 
11 90 78 87 36 60 75 98 96 101 107 30 
9 32 10 12 71 58 82 54 71 20 
4 46 97 59 105 
23 84 59 56 70 91 76 100 17 26 65 105 12 56 55 84 18 29 85 72 42 85 44 87 
11 54 66 35 94 67 30 19 41 31 65 54 
2 31 44 
11 47 99 19 101 46 16 27 106 87 102 68 
9 30 54 48 18 98 57 43 34 14 
6 43 98 37 50 42 92 
13 76 53 12 17 14 55 53 72 73 101 49 17 11 
24 37 55 49 98 44 96 31 20 101 89 54 41 17 46 73 99 12 91 94 14 98 51 12 94 
3 27 37 105 
24 39 106 14 84 45 54 70 32 75 81 75 55 77 106 14 13 21 55 67 54 91 24 94 84 
16 78 88 43 58 35 19 87 31 75 61 66 19 22 88 37 93 
20 34 60 101 90 15 64 35 73 60 68 87 45 43 55 65 73 40 13 98 101 
5 71 19 94 27 80 
21 58 107 89 53 83 91 97 63 96 103 40 11 54 51 40 89 84 85 96 99 67 
15 39 59 32 100 68 16 17 38 64 65 88 95 61 13 76 
13 67 15 41 49 68 85 90 99 16 16 26 103 57 
24 45 38 85 19 28 43 26 88 23 80 95 53 66 46 57 84 84 66 41 68 105 100 43 38 
4 102 96 105 47 
11 31 34 24 106 43 95 91 11 73 57 82 
23 100 90 47 47 16 21 55 48 31 103 38 17 31 69 109 69 64 46 107 38 22 22 34 
20 107 68 57 22 15 81 70 57 13 107 95 19 71 40 57 92 33 85 99 106 
9 50 18 51 38 67 31 50 79 107 
11 28 65 95 92 22 66 105 70 69 102 55 
18 15 37 78 50 13 53 91 61 40 32 21 33 12 79 54 53 100 51 
6 71 107 76 53 19 84 
13 31 43 93 76 63 98 56 31 90 11 27 72 62 
24 46 26 32 48 95 76 43 37 17 24 98 66 42 42 28 16 80 49 101 63 68 55 104 66 
18 36 67 97 50 71 96 86 39 18 77 24 36 62 52 96 29 40 104 
1 24 
12 20 47 14 11 52 24 108 98 80 79 25 89 
6 65 102 53 94 32 13 
3 98 40 65 
5 26 84 23 20 88 
4 85 98 26 41 
16 69 55 50 57 25 19 24 56 27 80 48 22 16 70 26 71 
24 108 26 41 76 53 106 38 83 38 13 71 54 96 12 65 41 104 65 108 65 79 54 83 101 
8 95 107 105 63 68 106 13 37 
3 79 32 86 
23 105 14 63 66 11 50 20 66 33 15 21 32 22 91 76 95 82 11 33 32 107 38 42 
18 42 69 83 11 91 12 61 86 68 67 94 69 59 57 78 82 14 89 
19 26 22 71 12 47 72 87 69 21 15 53 67 47 13 40 101 46 94 104 
15 53 61 11 64 10 58 32 83 62 12 29 79 76 90 33 
3 105 10 24 
8 67 68 25 105 23 108 48 59 
7 42 76 87 94 78 42 46 
18 64 19 31 18 39 52 85 71 27 88 18 27 55 77 84 13 44 31 
16 42 69 27 77 102 46 106 38 14 38 74 34 45 36 107 53 
5 49 28 78 66 59 
2 35 104 
21 62 59 40 83 27 25 95 96 92 87 32 88 67 88 69 31 13 104 57 10 99 
4 102 18 33 58 
9 62 36 65 10 88 14 40 61 83 
20 46 69 89 75 92 20 32 22 31 106 25 77 105 26 66 60 70 26 35 18 
0 
4 44 90 39 74 
11 21 26 19 19 14 79 50 32 13 60 106 
15 33 102 93 100 50 61 57 52 21 73 29 81 51 58 68 
23 39 32 20 50 100 81 59 105 102 100 79 105 102 75 73 26 20 56 68 60 59 15 54 
10 31 73 41 72 21 99 97 50 22 107 
7 12 79 44 59 71 34 80 
9 78 46 34 46 108 80 105 10 29 
2 54 41 
23 17 72 97 80 14 37 72 26 34 104 80 55 38 82 69 14 52 30 35 40 54 71 90 
16 18 90 47 71 34 78 96 93 92 36 63 96 63 77 64 87 
12 35 85 52 59 44 109 53 16 34 84 60 47 
4 26 56 97 15 
7 73 83 103 57 65 81 62 
17 34 30 106 64 44 83 39 86 84 25 85 28 31 61 54 33 99 
23 101 45 47 106 104 11 79 97 10 86 21 14 80 45 34 29 99 20 54 80 97 29 47 
14 47 20 76 91 43 17 41 34 52 79 82 46 32 51 
0 
22 80 96 36 50 32 13 21 73 23 66 96 62 85 33 77 22 44 95 55 29 102 86 
19 96 107 26 32 29 20 59 51 42 46 30 82 20 85 94 35 98 50 21 
16 77 45 70 89 31 107 34 50 51 62 46 37 60 63 11 79 
15 60 73 57 48 45 81 10 20 17 36 108 109 99 101 76 
1 13 
20 107 10 31 48 103 36 36 30 86 41 31 55 56 34 70 55 72 105 27 25 
5 86 51 66 86 92 
24 52 69 13 50 18 65 71 108 59 49 35 31 25 66 105 23 65 29 83 10 43 79 79 58 
1 56 
16 92 32 34 92 74 45 47 66 53 54 80 52 103 19 77 77 
0 
23 72 48 40 43 73 41 76 94 62 77 21 108 70 55 82 94 89 99 81 26 55 25 71 
15 19 16 35 86 83 12 61 97 50 92 30 65 75 49 50 
17 16 13 78 76 58 50 13 38 39 84 106 85 51 19 52 60 26 
19 88 51 31 92 91 23 26 11 79 91 102 71 60 108 74 28 27 22 69 
22 102 50 56 99 77 50 60 20 52 28 91 31 22 13 65 103 78 81 56 47 14 49 
0 
4 99 24 35 16 
4 46 88 81 86 
2 22 106 
17 73 68 21 91 49 42 55 104 97 48 73 20 95 62 24 34 13 
21 75 27 56 82 106 92 12 30 20 89 42 68 58 57 26 70 91 18 54 36 12 
9 75 75 104 12 28 71 88 31 44 
18 100 90 25 97 24 80 17 86 59 101 45 60 49 13 72 82 21 16 
23 24 100 25 41 47 27 59 60 57 32 94 101 23 26 68 62 40 38 21 68 40 64 103 
5 103 59 52 27 70 
0 
16 84 53 93 16 90 63 17 92 10 92 76 101 105 92 60 109 
14 40 20 32 70 74 78 50 20 27 44 89 39 45 57 
4 88 41 72 20 
9 31 102 94 13 20 86 60 54 88 
24 18 18 21 92 31 38 12 71 100 81 58 79 11 93 27 15 23 10 29 33 94 50 77 78 
19 87 106 56 31 36 106 91 97 69 25 18 49 28 31 39 99 79 61 100 
4 30 57 79 30 
18 54 14 69 21 34 65 50 83 11 23 61 59 56 48 71 72 108 10 
7 30 92 31 51 43 74 108 
5 73 77 35 92 22 
6 103 85 67 10 26 92 
3 91 44 13 
3 34 26 100 
23 26 84 105 60 57 46 45 21 44 50 37 64 27 71 76 60 64 51 18 64 19 52 17 
16 38 72 81 15 88 71 90 57 97 85 107 44 73 43 108 60 
23 35 14 101 96 32 51 102 25 11 56 35 106 15 78 34 78 49 39 108 62 19 55 49 
11 53 83 10 86 81 60 11 58 16 54 96 
3 48 88 53 
14 86 30 97 92 98 22 12 37 103 62 89 65 108 80 
16 103 106 101 31 77 103 32 78 109 29 64 89 67 95 33 58 
11 53 46 105 94 10 107 73 103 60 53 58 
0 
15 50 103 71 93 76 91 39 50 59 38 69 65 18 26 50 
8 27 12 88 63 107 72 63 57 
1 108 
24 31 109 59 48 101 104 10 84 22 91 65 62 92 94 22 47 54 90 40 89 59 94 19 64 
6 82 17 90 60 68 39 
23 67 40 71 58 86 23 84 98 56 40 103 38 76 67 28 72 99 10 51 49 94 60 103 
15 84 63 108 86 73 37 61 30 20 23 30 48 88 56 89 
0 
1 82 
5 104 39 33 66 80 
0 
24 19 69 62 65 87 88 70 85 65 33 64 16 105 74 81 25 13 60 71 92 85 100 16 42 
9 97 18 103 67 93 52 29 53 56 
1 30 
0 
11 105 42 19 11 48 66 76 72 81 31 22 
9 65 49 36 71 81 21 10 41 66 
7 25 108 38 68 107 16 40 
22 102 87 64 63 88 54 19 106 16 42 27 80 79 34 71 105 95 95 68 47 26 24 
22 41 23 85 51 72 92 33 94 36 10 100 42 41 44 51 37 51 36 107 73 105 31 
0 
15 69 20 59 106 36 25 53 20 38 81 61 100 15 85 36 
6 37 26 73 68 61 67 
13 54 45 45 17 92 66 94 82 25 104 83 74 83 
14 17 93 79 88 44 22 45 71 100 29 51 17 44 61 
10 53 99 16 88 34 75 70 43 60 95 
23 54 20 22 27 61 82 62 83 12 49 47 48 10 37 67 103 96 53 55 106 97 44 64 
15 21 30 88 54 80 73 102 76 83 67 46 87 91 98 60 
8 89 97 83 90 24 92 35 63 
1 80 
1 23 
7 66 88 78 86 66 22 108 
21 66 26 107 75 14 84 56 55 34 92 34 73 65 66 39 48 92 92 26 14 94 
4 71 50 69 39 
18 78 103 28 49 60 44 46 77 101 72 24 46 48 106 22 11 13 79 
8 103 13 27 19 17 11 48 79 
18 108 60 23 28 54 41 67 56 28 56 23 71 70 89 59 109 85 71 
2 41 92 
12 34 95 15 44 103 68 82 24 62 32 74 27 
15 18 11 60 64 81 58 30 42 18 109 91 69 37 104 22 
8 87 109 92 24 66 78 17 25 
18 31 29 25 48 46 18 56 47 20 63 70 68 35 102 28 34 35 88 
1 30 
15 71 59 51 54 73 108 74 33 23 67 106 94 35 44 30 
10 43 20 105 48 80 63 73 25 33 97 
15 11 101 22 53 62 71 95 58 87 45 23 10 10 80 106 
9 105 41 66 90 26 76 37 64 99 
7 27 14 66 66 106 67 57 
11 11 10 84 48 58 61 35 71 61 35 94 
0 
11 41 41 27 74 57 46 101 63 35 34 80 
6 90 36 39 47 36 100 
15 36 75 38 36 26 63 50 30 40 34 30 101 65 13 71 
19 12 107 21 65 84 97 87 65 77 65 94 66 91 37 57 69 102 37 96 
8 43 36 38 73 12 10 17 67 
3 30 39 15 
17 102 70 101 89 99 108 108 55 44 64 36 71 63 96 15 43 34 
16 76 12 104 91 14 57 98 23 60 18 52 66 87 96 78 30 
17 68 80 25 13 67 32 91 80 85 29 86 70 105 52 36 107 98 
8 11 45 58 77 96 19 19 104 
13 58 24 69 75 82 91 43 37 48 65 71 19 92 
7 95 53 38 37 31 35 25 
4 89 13 40 56 
14 49 17 45 87 65 59 98 83 84 80 16 11 18 23 
14 27 105 57 64 100 85 43 22 62 59 103 41 14 33 
4 103 24 99 90 
19 106 39 42 79 13 64 37 67 25 50 81 94 98 80 49 88 107 82 52 
0 
23 46 43 87 69 73 32 84 14 12 28 10 94 12 80 97 19 59 106 34 100 30 18 88 
15 109 18 98 34 61 100 59 97 33 89 108 48 11 82 52 
6 52 53 50 107 75 89 
6 24 86 92 66 106 52 
9 96 52 105 36 28 56 26 77 95 
15 56 93 40 10 18 83 18 12 26 58 109 43 37 67 57 
3 49 14 61 
9 100 48 38 47 74 56 93 43 75 
20 83 74 66 13 74 74 38 34 76 106 82 28 39 61 37 39 17 77 43 68 
3 85 58 91 
13 75 37 58 108 54 79 81 18 87 36 34 51 17 
23 69 13 82 39 43 34 67 72 41 86 57 51 39 32 100 20 97 65 99 46 63 43 67 
1 52 
9 64 28 37 71 77 96 27 49 26 
0 
15 35 74 108 11 73 50 40 47 92 50 35 99 39 71 104 
14 80 80 66 14 86 37 41 100 104 79 17 95 47 19 
3 72 35 61 
13 98 53 103 87 87 95 12 76 24 25 70 39 95 
7 47 51 69 26 34 59 20 
19 18 58 41 27 11 56 104 14 19 44 10 65 21 87 50 24 54 17 91 
4 98 29 97 87 
12 108 104 47 109 14 93 17 14 76 86 67 22 
22 24 84 66 24 39 77 101 31 43 97 38 77 54 26 96 93 104 60 91 98 97 90 
19 80 49 11 47 77 68 11 51 34 85 107 48 14 26 92 36 12 31 16 
19 75 33 17 58 79 67 91 19 107 23 63 77 14 64 66 33 75 68 74 
14 95 71 90 52 40 24 78 42 97 36 11 63 11 70 
3 80 27 45 
4 76 58 95 44 
5 101 52 38 66 62 
18 108 48 16 40 90 46 106 10 30 93 36 83 98 38 43 52 60 13 
4 92 79 39 77 
5 44 68 108 73 77 
0 
6 27 98 24 109 78 13 
20 78 33 40 57 107 29 85 40 71 87 95 52 69 65 81 36 20 16 47 70 
19 14 21 87 83 61 101 82 82 104 29 102 80 59 49 77 30 76 59 43 
19 45 85 65 52 57 92 14 63 81 75 84 37 38 61 10 89 104 34 13 
16 53 106 21 54 97 40 75 64 89 108 60 76 84 15 70 31 
14 75 36 20 92 62 47 20 65 99 51 59 23 107 52 
6 103 63 11 90 45 76 
11 25 74 46 43 100 104 104 21 95 21 99 
21 103 51 95 65 106 85 58 108 98 55 50 55 100 56 108 81 91 26 19 58 42 
23 92 33 54 38 96 39 49 86 35 94 79 73 101 28 48 49 26 36 47 66 33 37 64 
23 60 46 99 22 94 32 20 28 107 64 108 93 93 99 21 71 83 91 34 26 109 72 66 
15 50 55 33 26 82 40 99 85 76 89 97 12 63 107 83 
0 
3 81 43 48 
13 55 109 96 88 85 65 39 99 21 106 40 18 29 
21 42 11 45 17 77 76 56 32 29 105 57 31 108 80 65 47 93 62 98 32 92 
14 87 21 63 50 17 45 58 88 91 90 90 79 50 57 
12 96 31 17 92 78 90 42 49 45 79 84 49 
10 106 31 84 83 42 89 23 49 25 23 
20 58 104 60 79 96 59 67 82 81 26 16 101 106 49 92 94 70 67 33 80 
3 107 106 37 
6 86 102 83 53 16 53 
18 62 103 23 48 52 32 72 75 48 79 67 96 18 101 80 78 58 56 
14 12 53 45 91 86 73 35 59 16 93 102 60 45 95 
15 35 90 47 98 55 37 67 64 23 27 56 46 95 104 92 
1 58 
2 74 91 
3 37 69 65 
9 52 57 46 40 95 61 65 27 50 
20 72 77 14 79 90 31 25 78 69 71 60 45 72 89 109 53 95 89 64 50 
15 107 49 11 89 34 14 96 51 54 92 66 73 48 35 105 
10 102 74 81 63 76 16 77 56 68 21 
8 99 27 33 64 24 72 17 55 
14 21 42 42 17 24 98 32 62 75 27 74 67 91 45 
13 58 104 40 56 14 103 39 103 21 14 109 87 76 
6 33 67 27 65 100 86 
21 88 108 35 106 77 52 63 59 87 78 59 33 61 57 89 54 38 34 17 42 33 
12 60 39 22 18 108 77 108 36 50 38 34 27 
24 54 69 40 55 99 108 56 22 11 103 54 108 83 78 15 15 102 52 17 83 16 25 82 83 
13 108 75 104 85 93 28 81 52 58 26 93 109 72 
21 10 17 102 108 90 70 66 47 14 60 54 40 67 70 12 92 35 62 58 81 89 
8 100 60 87 100 28 71 99 90 
9 52 97 11 102 29 23 10 66 80 
1 11 
0 
8 23 64 52 100 16 52 72 48 
0 
4 50 65 104 69 
16 46 49 87 40 89 88 84 108 53 85 17 23 36 18 75 96 
23 29 38 25 36 33 39 26 58 43 66 65 90 25 81 26 17 10 108 96 40 82 46 84 
22 53 49 35 13 15 21 38 34 102 54 12 25 35 28 25 69 37 81 49 52 104 17 
1 105 
7 49 35 39 38 61 39 81 
16 64 37 58 76 17 82 68 13 37 35 39 55 50 98 82 73 
4 77 20 48 30 
5 105 70 92 86 98 
9 15 21 87 70 48 35 88 108 59 
13 11 86 23 40 84 15 80 108 31 11 75 41 101 
11 46 96 108 80 25 96 66 30 107 95 42 
13 20 20 96 22 108 97 98 73 80 72 79 50 71 
15 52 88 31 95 26 19 82 24 41 49 62 98 21 12 83 
19 52 46 16 38 10 67 77 98 30 47 13 51 40 26 41 34 56 14 19 
15 75 43 39 107 82 44 47 46 46 72 42 88 60 48 68 
0 
20 87 101 26 77 56 67 107 72 51 83 70 107 92 85 25 78 67 74 102 101 
1 38 
4 25 22 19 28 
1 77 
18 108 106 69 76 73 15 86 22 29 27 95 90 76 30 17 91 98 74 
20 42 17 108 23 96 24 35 57 42 86 76 62 85 73 74 103 36 79 79 49 
16 96 34 83 15 106 90 96 46 107 94 79 66 92 92 105 58 
7 52 90 46 19 95 73 82 
24 66 60 80 36 99 21 74 76 46 79 72 79 18 61 76 102 30 84 84 64 79 33 23 22 
5 59 31 50 22 55 
16 31 105 22 57 47 85 73 13 22 43 27 43 51 78 61 95 
15 35 69 104 105 44 18 17 100 19 90 92 84 35 34 105 
22 46 104 19 73 67 74 85 52 44 18 45 64 21 30 105 47 90 51 42 24 11 49 
6 73 81 49 47 58 73 
9 30 61 88 92 24 97 56 52 40 
5 12 75 45 24 96 
7 61 28 33 45 94 87 36 
16 50 107 42 39 55 57 23 27 108 53 109 74 40 56 68 22 
3 71 88 23 
2 26 105 
5 44 81 75 80 10 
16 21 102 50 53 31 47 100 96 64 50 91 64 67 21 62 25 
24 40 38 64 106 65 80 53 95 66 76 12 36 76 55 100 20 95 95 93 84 38 79 39 78 
2 45 35 
14 97 103 100 79 31 54 75 87 76 19 24 84 37 79 
2 104 24 
19 66 62 90 50 36 18 71 17 38 74 52 16 40 91 109 30 13 30 26 
18 59 44 39 26 70 19 47 22 13 13 69 21 65 49 61 44 109 75 
16 37 39 46 95 69 27 94 41 30 67 109 51 68 43 32 36 
18 41 73 67 96 77 78 108 32 17 11 18 68 76 60 96 57 96 33 
8 65 18 99 38 27 98 79 85 
23 53 12 28 85 75 38 23 94 106 21 69 66 75 77 24 41 79 62 41 65 86 99 73 
9 89 101 11 29 22 38 103 65 40 
11 92 58 49 106 42 98 69 101 54 86 69 
8 70 38 21 101 46 49 90 61 
23 21 104 86 41 16 66 34 23 97 97 58 97 89 106 29 77 17 73 73 94 84 31 54 
4 94 45 100 33 
15 103 108 89 97 36 20 55 93 96 69 32 35 69 19 14 
5 90 33 24 53 96 
23 27 70 104 82 106 39 24 30 107 18 80 86 57 107 48 103 42 34 14 64 11 73 73 
6 80 105 91 94 49 30 
10 18 42 39 42 38 21 57 10 70 17 
21 98 64 30 36 57 62 12 61 16 13 76 31 71 46 26 105 83 17 25 18 26 
24 47 10 37 10 57 38 70 16 61 10 23 81 88 22 33 90 74 91 46 92 12 59 29 80 
19 102 88 21 62 56 20 99 56 100 52 56 80 12 62 31 65 75 102 43 
3 77 24 104 
23 12 38 60 61 57 82 106 101 60 69 53 58 80 95 105 22 37 103 92 91 55 13 46 
13 57 80 103 24 46 49 72 100 29 74 51 77 46 
14 20 49 59 16 97 81 101 44 93 80 37 75 13 35 
20 50 50 77 72 95 43 60 86 57 50 105 21 43 24 109 33 35 48 82 93 
3 53 84 22 
1 106 
17 53 109 27 73 101 19 92 15 104 25 65 80 72 57 27 35 91 
7 34 14 19 25 38 102 103 
23 28 15 59 24 59 54 75 76 17 67 37 99 72 31 66 80 53 80 27 71 105 108 55 
21 64 64 96 92 56 89 15 74 47 16 40 96 60 105 15 19 14 42 60 29 16 
8 99 11 38 16 72 33 67 69 
22 21 23 43 56 69 75 13 85 12 72 15 50 74 11 107 84 15 40 86 34 98 45 
15 99 25 34 14 101 91 73 48 54 87 33 52 98 98 56 
14 52 18 79 45 34 32 42 108 90 24 37 14 12 24 
22 54 39 56 58 30 89 73 20 33 102 44 28 91 32 26 55 75 86 76 10 10 99 
9 109 79 109 88 35 63 102 109 107 
23 55 107 104 34 71 14 10 63 48 28 96 23 44 93 40 72 60 92 72 101 76 23 22 
15 101 99 29 45 99 78 19 44 76 13 21 89 69 21 94 
0 
6 81 73 77 16 103 39 
8 37 101 109 103 67 73 69 58 
3 40 94 104 
0 
20 38 78 58 101 57 69 12 42 71 45 65 34 64 71 79 45 80 106 37 31 
17 46 95 63 46 100 45 30 94 95 27 74 64 75 66 63 87 20 
10 48 108 102 25 62 16 46 98 38 95 
17 59 37 13 96 90 49 86 25 22 22 10 39 87 16 57 95 70 
1 105 
22 24 103 100 91 108 58 28 96 86 13 63 87 92 18 74 72 109 102 39 21 15 39 
18 44 98 50 29 58 26 76 107 92 70 49 74 68 97 92 106 73 47 
1 51 
19 19 67 91 18 59 20 82 16 101 75 50 41 67 69 89 83 36 39 65 
13 78 81 58 66 63 54 81 52 107 74 71 16 31 
19 76 33 66 48 39 58 13 32 89 70 43 21 95 21 50 103 59 70 74 
24 26 80 55 50 22 52 66 36 10 40 30 77 63 87 67 44 87 23 66 18 35 100 29 21 
3 21 66 13 
22 82 14 50 104 60 42 69 102 99 95 55 29 67 22 34 44 79 68 73 44 77 82 
10 19 53 33 72 17 89 27 89 61 32 
21 108 82 14 67 26 103 52 71 74 109 35 98 96 57 56 59 91 75 83 51 84 
19 74 47 86 105 16 17 109 38 88 107 62 44 64 31 89 58 92 53 109 
10 41 95 17 40 97 98 105 22 92 80 
6 56 69 67 52 75 74 
16 56 105 100 108 39 54 29 71 54 64 14 53 24 46 91 83 
18 30 71 23 42 53 93 76 52 104 33 46 22 50 39 68 97 29 18 
18 25 38 39 69 44 44 12 10 32 45 83 50 65 44 63 98 40 99 
6 34 45 39 70 57 31 
16 67 18 22 76 87 37 56 68 48 90 54 50 90 76 38 63 
8 93 49 74 33 31 15 39 55 
15 21 67 50 42 60 107 103 72 73 32 99 71 90 37 51 
0 
20 31 53 58 36 12 93 28 76 17 49 33 98 47 73 109 56 65 42 107 15 
0 
9 78 57 11 40 89 90 33 14 62 
22 58 62 33 12 46 51 78 105 43 53 93 80 16 93 26 24 77 75 29 54 87 49 
18 40 31 32 20 55 89 25 104 37 29 27 39 17 21 59 12 54 102 
13 76 60 83 92 26 50 10 45 46 87 85 89 17 
23 63 79 103 42 46 49 21 66 67 102 73 30 51 28 26 95 18 92 98 91 26 14 83 
16 102 19 103 29 50 62 77 103 32 23 36 68 62 47 76 71 
5 40 43 33 10 59 
11 18 41 11 51 58 67 24 26 59 33 72 
20 73 24 50 66 46 15 44 57 19 34 23 81 16 105 14 91 57 64 52 65 
12 105 106 47 63 20 64 64 95 26 85 58 40 
17 67 29 82 53 28 91 77 41 14 83 89 71 17 36 25 59 92 
4 107 40 52 60 
18 106 66 88 74 93 89 56 60 98 75 32 41 93 66 61 77 22 34 
21 83 41 82 50 43 16 55 40 99 49 42 92 45 98 22 61 82 53 107 32 41 
15 107 25 108 15 76 27 27 100 73 101 84 98 41 69 56 
3 51 45 77 
23 27 64 71 92 15 95 35 65 70 19 80 19 34 30 24 100 48 93 42 63 36 68 103 
10 27 50 48 68 85 16 93 55 22 107 
2 28 92 
4 35 104 23 105 
3 99 25 79 
4 15 15 74 21 
6 32 14 51 102 54 90 
2 82 48 
11 27 12 93 106 82 27 62 107 74 76 102 
17 17 70 99 97 27 104 13 38 35 35 95 29 79 39 61 82 11 
14 68 80 53 103 28 26 72 81 23 36 99 68 56 106 
20 97 45 97 91 48 78 68 26 63 87 95 44 38 67 98 79 77 68 23 70 
4 39 85 10 104 
3 99 62 109 
12 32 96 83 72 29 73 40 88 89 45 17 75 
19 46 84 67 15 52 78 80 64 107 61 39 59 56 93 48 108 44 37 83 
23 10 97 102 74 79 32 53 14 40 70 35 28 45 93 85 87 13 56 41 62 107 23 11 
20 106 101 104 92 28 29 65 81 68 10 45 37 84 40 41 14 101 18 32 88 
18 60 65 56 106 48 60 55 61 61 51 109 104 97 92 23 68 99 94 
16 51 81 105 26 11 36 30 54 96 105 32 40 107 39 38 55 
18 89 100 81 92 93 33 87 32 67 52 90 56 88 58 50 59 53 66 
2 31 38 
22 18 33 31 48 30 61 76 75 81 107 18 104 90 53 27 67 76 36 61 56 35 39 
20 75 88 100 31 90 22 59 89 30 35 63 20 107 14 38 73 37 36 33 83 
6 76 101 25 42 79 76 
6 104 105 88 69 35 78 
5 67 90 40 47 62 
5 100 72 14 56 101 
17 35 79 52 108 85 71 51 52 55 21 18 86 15 13 16 75 90 
0 
20 47 17 37 36 22 44 78 84 49 24 27 68 101 48 63 100 23 24 41 17 
9 52 25 98 58 80 104 75 60 31 
12 98 91 52 76 103 86 45 29 77 11 99 88 
18 37 41 93 103 107 24 10 18 19 26 106 19 48 53 84 99 74 98 
4 55 40 105 100 
9 92 20 88 94 109 66 87 36 49 
10 29 46 36 82 107 45 50 103 106 88 
13 32 29 15 21 10 12 51 106 103 10 40 13 89 
14 64 97 101 90 37 61 62 25 40 86 22 27 26 68 
14 104 56 46 24 13 57 76 16 51 24 109 51 55 64 
22 69 70 70 61 102 49 64 106 64 94 82 29 12 98 39 78 93 37 14 59 41 14 
15 47 55 40 98 48 85 104 21 96 64 33 47 56 72 54 
18 78 38 25 49 92 66 78 60 49 106 17 50 37 21 17 26 18 99 
6 56 26 60 19 13 66 
7 50 64 56 46 107 25 75 
15 16 109 31 85 12 22 81 19 14 60 82 21 76 42 63 
24 88 79 34 98 82 42 82 75 96 29 11 94 96 28 11 102 28 84 77 82 48 100 91 52 
17 15 15 68 99 68 94 77 90 18 17 62 50 90 79 37 61 81 
13 99 51 26 91 69 52 11 41 90 53 74 84 46 
21 89 56 20 100 41 40 80 49 99 84 42 31 54 21 82 77 36 71 18 52 105 
20 46 106 13 26 101 30 100 37 103 31 84 14 73 15 96 95 106 85 22 90 
24 66 101 31 85 79 45 45 73 92 17 109 40 73 25 31 93 67 59 86 41 85 42 104 90 
20 42 38 56 54 19 105 62 62 78 89 32 65 24 95 47 84 95 29 47 62 
16 30 20 52 58 103 27 91 97 107 61 81 87 59 25 96 106 
17 101 27 56 23 34 23 108 72 97 45 43 34 98 84 106 108 26 
19 101 43 87 40 92 91 64 22 40 79 108 89 99 99 58 97 64 82 10 
5 96 49 50 30 73 
3 104 69 88 
13 66 31 58 43 14 93 24 68 105 107 37 55 38 
18 97 86 66 51 10 18 56 97 58 97 69 73 77 15 85 56 78 41 
17 79 74 33 62 41 91 57 38 71 102 18 39 89 94 95 31 46 
19 29 33 104 68 92 67 36 50 42 34 18 25 101 87 42 25 39 73 58 
3 53 19 31 
1 49 
2 97 86 
0 
23 80 55 109 26 65 43 84 91 83 68 15 44 84 59 73 16 26 55 31 74 83 74 84 
21 25 75 109 64 51 34 39 74 31 38 90 87 24 64 20 97 75 26 83 101 27 
12 107 43 44 28 59 17 44 85 16 59 50 67 
5 92 43 94 56 65 
15 36 94 89 43 56 28 60 72 54 51 41 91 48 26 77 
8 76 84 52 51 42 53 92 99 
0 
16 33 44 24 40 61 50 24 40 35 70 11 37 85 55 78 16 
3 68 85 55 
18 51 81 70 44 14 65 78 103 15 94 78 102 108 108 53 101 22 36 
18 35 89 106 62 34 26 20 64 85 95 109 103 88 32 16 23 36 71 
6 82 29 28 50 21 78 
16 16 21 13 42 42 90 21 38 42 97 54 53 51 81 38 102 
15 17 25 81 82 103 94 15 27 13 33 20 24 54 11 31 
7 66 15 49 47 79 29 31 
6 26 26 60 97 107 104 
2 14 19 
0 
3 65 22 43 
24 25 19 44 92 15 97 65 22 54 22 62 43 91 33 16 100 49 33 50 37 30 96 41 86 
21 69 14 13 81 99 37 96 108 24 30 13 63 85 78 107 98 30 92 31 53 99 
11 45 74 13 72 94 100 103 70 48 14 26 
16 85 15 30 24 66 96 44 69 50 72 89 99 12 109 34 33 
20 75 45 92 39 100 54 75 90 99 35 28 104 103 21 31 60 94 45 16 32 
22 28 72 94 107 14 48 59 38 71 106 103 58 88 84 49 32 49 29 73 26 100 19 
9 11 41 69 47 28 28 70 50 46 
24 86 43 88 24 92 16 38 88 61 86 18 35 77 40 74 49 56 42 39 65 51 92 48 63 
20 67 81 42 59 17 16 36 102 95 102 85 53 82 15 105 11 24 82 78 106 
14 17 104 31 98 60 25 33 98 78 105 107 101 37 57 
0 
10 35 52 80 27 79 76 100 85 71 53 
16 95 21 99 84 81 94 106 21 96 73 44 84 41 39 34 32 
8 81 34 104 106 76 26 75 46 
7 17 73 105 60 66 91 24 
20 65 95 91 13 58 77 76 93 104 59 74 28 33 35 99 57 29 47 24 97 
2 12 80 
10 27 75 22 83 108 36 80 16 73 62 
11 22 81 38 105 75 39 21 93 63 46 82 
2 17 19 
18 57 74 82 27 36 99 44 48 24 43 75 95 49 38 99 10 50 70 
5 97 36 72 61 71 
15 49 96 29 109 57 48 56 21 72 25 47 62 59 38 76 
9 103 13 35 83 102 36 76 15 68 
5 93 30 66 54 97 
23 40 17 57 40 107 55 51 69 70 41 73 71 69 40 58 14 43 83 87 88 109 105 93 
10 11 76 40 19 20 80 67 103 39 66 
23 88 63 26 99 23 109 63 37 20 93 85 24 78 58 54 56 10 49 39 72 50 57 54 
0 
8 24 17 13 53 26 88 31 79 
19 21 45 56 26 24 66 61 99 81 29 99 25 28 51 16 109 65 57 57 
0 
24 67 24 18 70 20 34 100 93 104 94 56 91 92 72 105 49 23 46 72 95 35 39 13 29 
10 64 84 92 11 36 41 68 51 102 80 
3 26 70 48 
12 107 95 53 89 109 48 80 23 84 42 60 62 
11 63 33 107 17 59 41 71 86 25 81 79 
7 104 34 85 64 72 48 13 
22 91 45 57 82 67 22 108 100 72 12 13 77 87 62 36 37 94 97 65 61 69 34 
8 63 58 95 69 72 33 25 20 
7 12 19 91 69 83 89 11 
10 44 15 12 21 67 38 48 103 78 103 
19 89 79 64 42 79 50 53 42 25 68 104 82 22 65 63 82 38 95 83 
15 29 40 79 40 50 59 31 43 27 76 40 106 98 46 90 
7 38 34 51 54 44 97 78 
24 104 84 81 84 69 106 99 40 89 68 70 29 18 43 14 87 10 96 84 98 33 16 107 13 
7 101 109 27 40 78 26 35 
19 49 61 63 97 51 45 76 61 57 47 21 91 52 99 43 38 25 83 13 
21 32 17 14 23 16 83 106 36 51 83 30 42 34 35 29 27 22 48 79 70 85 
5 51 79 31 36 108 
13 109 11 72 31 70 28 97 29 53 45 55 94 18 
18 78 94 105 49 12 18 87 81 78 15 13 71 84 35 97 34 75 48 
1 37 
9 48 55 108 67 98 43 65 34 103 
0 
17 88 30 42 90 90 71 13 10 76 16 71 103 93 58 27 59 96 
20 86 108 44 84 58 53 72 44 108 49 37 85 41 67 106 25 47 38 87 50 
4 105 109 100 50 
7 101 68 41 39 63 70 89 
14 44 38 45 58 72 95 97 51 71 81 109 19 96 46 
12 25 39 76 73 90 19 13 72 10 71 56 91 
17 16 71 68 102 51 103 102 13 41 90 54 102 13 105 11 51 94 
15 67 75 19 82 55 28 85 17 80 99 63 61 18 21 74 
16 65 15 22 58 70 53 90 67 97 45 62 50 86 46 40 95 
1 49 
7 108 67 43 16 89 84 21 
8 92 85 57 10 92 15 74 92 
15 17 24 32 56 59 37 96 36 25 79 73 79 18 31 77 
18 16 35 59 90 47 42 24 74 90 24 56 47 89 39 12 48 53 87 
10 55 66 33 81 81 102 44 102 63 17 
10 81 23 95 30 55 84 15 69 100 95 
24 47 84 15 28 86 53 23 15 90 68 23 14 91 95 58 78 39 11 85 99 82 51 37 55 
11 63 60 108 54 97 82 43 71 87 13 99 
22 26 57 63 85 70 19 18 107 67 86 37 69 14 78 93 55 57 90 93 11 40 91 
