5 7 int 15 39 25 44 19 (39 15) (39 25) (25 44) (25 19) (44 15) (19 39) (19 44)
5 6 int 90 70 26 72 14 (90 72) (70 72) (26 90) (26 14) (72 26) (14 72)
5 6 int 14 80 36 70 94 (14 36) (14 70) (80 70) (36 80) (70 94) (94 36)
5 6 int 15 74 87 19 66 (15 87) (15 66) (74 15) (74 87) (19 74) (66 19)
5 6 char D U C M Q (D M) (U D) (U M) (C D) (C U) (C M)
5 7 double 5.4 8.2 4.3 2.5 6.8 (5.4 4.3) (8.2 2.5) (8.2 6.8) (4.3 2.5) (4.3 6.8) (6.8 5.4) (6.8 2.5)
6 8 char A N G J K P (A K) (G J) (G K) (G P) (J A) (J N) (J P) (K P)
6 9 double 7.8 9.7 1.6 7.2 9.8 9.3 (7.8 9.7) (7.8 1.6) (7.8 9.3) (1.6 9.8) (7.2 7.8) (9.3 9.7) (9.3 1.6) (9.3 7.2) (9.3 9.8)
6 9 double 6.8 1.5 2 3.4 7.2 1.6 (6.8 2) (6.8 3.4) (6.8 1.6) (2 1.6) (3.4 1.5) (3.4 7.2) (7.2 2) (1.6 1.5) (1.6 7.2)
6 11 int 43 58 64 97 47 41 (43 64) (58 43) (58 41) (64 47) (97 43) (97 58) (47 43) (47 97) (47 41) (41 64) (41 97)
6 8 int 17 79 77 39 12 29 (17 12) (79 17) (79 77) (79 12) (39 17) (39 79) (12 77) (12 39)
6 8 char B A W M Y V (A W) (A V) (W M) (M B) (M Y) (Y A) (Y W) (V W)
6 11 int 33 65 11 69 23 13 (33 13) (65 11) (11 33) (11 23) (69 33) (23 65) (23 69) (23 13) (13 65) (13 11) (13 69)
6 10 char B A G H R O (B A) (B R) (B O) (G B) (G R) (G O) (H R) (O A) (O H) (O R)
7 12 int 15 56 99 71 48 91 32 (15 56) (56 71) (99 15) (99 56) (99 71) (71 15) (71 32) (48 56) (48 99) (91 15) (91 71) (32 99)
7 9 int 79 51 29 36 50 19 68 (51 50) (29 79) (29 19) (36 79) (36 19) (50 19) (50 68) (68 79) (68 29)
7 15 char X K V M Q G W (X Q) (X W) (K X) (K W) (V X) (V K) (V G) (V W) (M Q) (M G) (G K) (G Q) (W M) (W Q) (W G)
8 9 double 8.6 6.7 9 5.2 8.5 6.1 2.6 9.6 (8.6 9) (6.7 6.1) (5.2 8.5) (5.2 6.1) (8.5 8.6) (8.5 9.6) (6.1 8.5) (9.6 6.7) (9.6 5.2)
8 17 char S A I V J P Q U (S I) (S J) (S Q) (A I) (I P) (V S) (V A) (V I) (V P) (P S) (P A) (P J) (Q V) (Q J) (U A) (U I) (U Q)
8 16 double 8.7 1.8 2.2 7.2 4.2 2.5 7.8 6.1 (1.8 4.2) (1.8 2.5) (2.2 8.7) (2.2 1.8) (2.2 2.5) (2.2 7.8) (2.2 6.1) (7.2 1.8) (4.2 8.7) (4.2 2.2) (2.5 4.2) (7.8 8.7) (7.8 2.5) (6.1 1.8) (6.1 2.5) (6.1 7.8)
8 14 char L C Y S G B U X (L Y) (L G) (C L) (C Y) (C B) (S C) (S Y) (G S) (B L) (U Y) (U S) (U G) (X G) (X U)
8 9 double 8.5 3.5 3 8.4 2.7 1.2 9.9 4.3 (8.5 3.5) (8.5 1.2) (3.5 2.7) (3.5 4.3) (3 8.5) (3 3.5) (8.4 2.7) (2.7 8.5) (1.2 2.7)
8 12 int 61 52 72 39 21 57 16 26 (61 39) (61 16) (52 16) (52 26) (72 61) (72 16) (39 21) (21 52) (21 57) (26 61) (26 39) (26 21)
8 13 double 8.7 8 5.4 4.3 3.9 1.5 3.2 6.9 (8.7 6.9) (8 8.7) (5.4 8.7) (5.4 3.9) (5.4 6.9) (4.3 8) (1.5 8.7) (1.5 3.2) (1.5 6.9) (3.2 8.7) (3.2 4.3) (3.2 3.9) (6.9 4.3)
9 12 int 10 20 38 46 17 53 48 96 42 (10 38) (10 17) (10 42) (46 38) (46 42) (17 38) (17 46) (17 48) (17 42) (53 42) (96 10) (42 96)
9 24 char F D B Q E M U T P (F Q) (F U) (F T) (D M) (D P) (B F) (B T) (B P) (Q D) (Q B) (Q E) (Q M) (Q T) (Q P) (E D) (E U) (E T) (M B) (M E) (M T) (U B) (U P) (T D) (T P)
9 18 int 44 92 48 25 96 62 46 87 56 (44 96) (92 44) (92 48) (92 62) (92 87) (48 25) (25 92) (25 96) (25 62) (96 48) (96 62) (62 56) (46 92) (46 48) (46 56) (87 48) (87 62) (56 48)
9 10 int 43 15 74 22 49 47 70 81 26 (74 49) (74 70) (74 81) (22 43) (22 74) (22 49) (22 47) (47 15) (47 81) (81 26)
10 15 int 35 78 34 86 38 75 47 46 81 84 (35 75) (35 81) (34 78) (34 75) (34 46) (34 84) (86 46) (75 38) (47 86) (46 75) (46 81) (46 84) (81 34) (84 78) (84 75)
11 13 int 49 78 23 24 62 20 81 70 76 48 77 (49 23) (49 70) (78 70) (24 49) (24 62) (24 48) (62 49) (62 48) (20 78) (20 24) (81 78) (76 24) (48 20)
11 30 double 3.3 3.2 6.4 6.9 7.4 6 9.7 4.2 4.6 5.8 1.5 (3.3 9.7) (3.3 5.8) (3.2 3.3) (3.2 7.4) (3.2 4.2) (3.2 1.5) (6.4 4.2) (6.4 4.6) (6.9 3.2) (6.9 6) (6.9 1.5) (7.4 3.3) (7.4 6.4) (7.4 6.9) (7.4 5.8) (6 7.4) (6 9.7) (9.7 3.2) (9.7 6.4) (9.7 7.4) (4.2 3.3) (4.2 6) (4.2 4.6) (4.6 3.3) (4.6 6) (4.6 5.8) (5.8 3.2) (5.8 9.7) (1.5 7.4) (1.5 4.2)
11 32 double 7.4 6.1 5.3 1.8 2.3 6.8 2.6 1.1 1 7.8 7.6 (7.4 6.8) (6.1 1.1) (6.1 7.6) (5.3 6.8) (1.8 7.4) (1.8 5.3) (1.8 7.8) (2.3 7.4) (2.3 1.8) (2.3 1) (6.8 6.1) (6.8 2.3) (6.8 1.1) (6.8 1) (2.6 7.4) (2.6 5.3) (2.6 1.8) (2.6 2.3) (2.6 1.1) (1.1 7.4) (1.1 1.8) (1.1 1) (1 7.4) (1 6.1) (1 1.8) (1 7.8) (7.8 2.3) (7.6 7.4) (7.6 2.3) (7.6 1.1) (7.6 1) (7.6 7.8)
11 34 double 4.1 5 6.7 8.9 2.9 1.8 8 7.1 3.1 4.6 2.5 (4.1 8.9) (4.1 1.8) (4.1 8) (4.1 3.1) (5 4.1) (5 8) (5 7.1) (5 4.6) (5 2.5) (6.7 8) (6.7 7.1) (8.9 5) (8.9 2.9) (8.9 1.8) (8.9 4.6) (2.9 4.1) (2.9 6.7) (1.8 8) (1.8 2.5) (8 3.1) (8 2.5) (7.1 1.8) (7.1 8) (3.1 5) (3.1 1.8) (3.1 2.5) (4.6 6.7) (4.6 2.9) (4.6 1.8) (4.6 8) (4.6 3.1) (2.5 4.1) (2.5 6.7) (2.5 4.6)
11 17 double 1.4 9.3 3.8 8 1.3 7.5 3.7 9.7 2.7 5.2 9 (1.4 7.5) (1.4 9.7) (3.8 1.4) (3.8 1.3) (8 9) (1.3 8) (7.5 9.3) (7.5 3.8) (7.5 2.7) (9.7 5.2) (2.7 3.8) (2.7 1.3) (2.7 9) (5.2 9.3) (5.2 3.8) (5.2 7.5) (9 9.3)
12 43 char O F R C J X A G W P S Q (O F) (O C) (O X) (O Q) (F X) (F P) (R O) (R W) (R P) (C R) (C X) (C P) (J R) (J C) (J A) (J G) (X G) (X W) (X Q) (A F) (A C) (A X) (A P) (G R) (G C) (G A) (G P) (G S) (G Q) (W J) (W G) (W P) (P J) (P X) (S R) (S A) (S W) (S Q) (Q F) (Q J) (Q A) (Q W) (Q P)
12 43 int 68 62 90 58 34 93 35 60 89 47 97 66 (68 90) (68 93) (68 60) (68 47) (62 34) (62 93) (90 62) (90 58) (90 34) (90 47) (90 66) (58 97) (34 58) (34 47) (93 58) (93 34) (93 60) (93 47) (93 66) (35 58) (35 34) (35 93) (35 97) (60 90) (60 58) (60 34) (89 62) (89 90) (89 34) (89 60) (89 47) (89 66) (47 62) (47 58) (47 35) (97 68) (97 62) (97 34) (97 89) (97 66) (66 62) (66 34) (66 47)
12 18 char H Q P D I U M T C O W J (H M) (H T) (H C) (Q J) (P Q) (D Q) (U T) (M Q) (M P) (M I) (M J) (T J) (C M) (C W) (O D) (O U) (W I) (J D)
12 23 double 4 4.8 1.1 5.8 4.3 9.3 8.6 6.3 9.2 6.7 2.1 9.1 (4 9.3) (4.8 4) (4.8 1.1) (4.8 9.1) (1.1 8.6) (1.1 6.3) (5.8 6.7) (5.8 2.1) (5.8 9.1) (4.3 9.1) (9.3 5.8) (8.6 5.8) (8.6 9.3) (6.3 4) (6.3 9.2) (6.3 6.7) (9.2 8.6) (9.2 6.7) (2.1 4.8) (2.1 4.3) (9.1 1.1) (9.1 6.3) (9.1 6.7)
12 34 int 68 86 83 16 73 19 12 43 14 18 39 61 (68 86) (68 12) (68 39) (68 61) (86 12) (86 39) (83 16) (83 12) (83 43) (16 43) (73 83) (73 16) (19 68) (19 73) (12 73) (12 43) (12 18) (12 39) (43 73) (43 14) (43 39) (14 86) (14 73) (14 19) (14 39) (18 68) (18 83) (18 16) (18 39) (39 83) (39 61) (61 83) (61 19) (61 18)
12 37 char V J G Y D W B H K P E F (V G) (V K) (V E) (V F) (J Y) (J F) (G J) (G W) (G B) (G K) (G F) (Y V) (Y D) (Y B) (Y K) (Y E) (D V) (D G) (D W) (D E) (W V) (W Y) (W B) (W K) (W P) (W E) (B V) (B H) (H W) (H P) (H F) (K D) (K F) (P B) (E J) (E P) (F Y)
13 27 double 9 7 6.2 2.6 1.8 4.3 5.4 2.2 7.7 2.5 4.1 2.4 7.9 (9 2.6) (9 4.3) (9 5.4) (7 6.2) (7 4.3) (6.2 4.3) (2.6 2.2) (2.6 2.4) (1.8 6.2) (1.8 5.4) (1.8 2.2) (1.8 2.5) (4.3 2.6) (5.4 7.7) (5.4 4.1) (5.4 2.4) (2.2 4.1) (2.2 7.9) (7.7 2.5) (2.5 6.2) (4.1 2.6) (4.1 2.4) (2.4 2.2) (7.9 7) (7.9 2.6) (7.9 4.3) (7.9 4.1)
13 32 int 23 90 65 61 79 69 72 28 21 83 95 45 46 (23 65) (23 21) (23 83) (23 46) (90 69) (90 83) (79 65) (79 45) (69 61) (69 79) (69 46) (72 23) (72 69) (72 21) (72 45) (28 90) (28 65) (28 61) (28 79) (28 95) (28 46) (21 65) (21 61) (21 45) (83 69) (95 23) (95 61) (95 72) (45 90) (45 95) (46 65) (46 72)
13 55 double 7.8 5.5 1 7.2 7.1 9.2 3.4 7.5 6.7 1.6 6.5 4.5 3.2 (7.8 7.2) (7.8 7.1) (7.8 3.4) (7.8 1.6) (7.8 4.5) (5.5 1) (5.5 3.4) (5.5 7.5) (5.5 6.7) (5.5 6.5) (1 7.8) (1 7.1) (1 3.4) (1 6.5) (7.2 1) (7.2 7.5) (7.2 3.2) (7.1 5.5) (7.1 9.2) (7.1 3.4) (9.2 5.5) (9.2 1) (9.2 6.7) (9.2 1.6) (9.2 6.5) (3.4 7.2) (3.4 9.2) (3.4 1.6) (7.5 7.8) (7.5 1) (7.5 7.1) (7.5 9.2) (7.5 6.7) (6.7 1) (1.6 5.5) (1.6 1) (1.6 6.7) (1.6 6.5) (1.6 4.5) (6.5 7.8) (6.5 3.4) (6.5 4.5) (4.5 1) (4.5 7.1) (4.5 9.2) (4.5 3.4) (4.5 7.5) (4.5 6.7) (4.5 3.2) (3.2 7.8) (3.2 5.5) (3.2 1) (3.2 3.4) (3.2 7.5) (3.2 6.7)
13 20 int 25 96 66 68 58 31 14 87 54 49 53 61 74 (25 14) (25 54) (25 61) (96 25) (96 66) (96 14) (58 54) (58 49) (58 74) (31 14) (31 54) (14 61) (87 25) (87 58) (87 74) (49 74) (53 68) (53 74) (61 68) (74 68)
13 46 char E G U C H M K P W Y V L T (E G) (E U) (E H) (E P) (E T) (G U) (G M) (G W) (U M) (U L) (U T) (C G) (C K) (H M) (H K) (H V) (H L) (H T) (M E) (M W) (K U) (K W) (K V) (K L) (P U) (P C) (P H) (P M) (P K) (P Y) (W E) (W C) (W H) (W P) (Y G) (Y H) (Y W) (Y T) (V U) (V T) (L M) (L P) (L Y) (T M) (T K) (T L)
14 23 char F U L G O M T H R V X A C J (F C) (L C) (O M) (O A) (M U) (T G) (H L) (H T) (R O) (R V) (R J) (V O) (V H) (V J) (X R) (A F) (A L) (A T) (C T) (C H) (C V) (J G) (J M)
14 15 int 86 30 69 27 14 41 10 47 57 33 67 80 68 77 (86 14) (69 41) (27 69) (14 67) (41 27) (10 33) (10 68) (47 14) (47 80) (67 68) (80 30) (80 14) (80 41) (77 86) (77 41)
14 59 double 1.7 4.9 1.5 4.6 8.3 8.6 5 8.7 6.1 6 5.1 4.7 4.3 1.1 (1.7 4.9) (1.7 4.6) (1.7 8.7) (4.9 8.7) (4.9 5.1) (1.5 4.9) (1.5 8.3) (1.5 4.7) (1.5 1.1) (4.6 4.9) (4.6 8.7) (4.6 4.7) (8.3 4.9) (8.3 4.6) (8.3 1.1) (8.6 4.6) (8.6 8.3) (8.6 5) (8.6 6.1) (8.6 5.1) (8.6 1.1) (5 1.5) (5 4.6) (5 8.3) (5 4.3) (8.7 1.5) (8.7 8.3) (8.7 5) (8.7 4.7) (8.7 1.1) (6.1 4.9) (6.1 1.5) (6.1 8.7) (6.1 5.1) (6.1 4.3) (6 1.7) (6 4.9) (6 4.6) (6 8.3) (6 5) (6 6.1) (6 4.7) (6 4.3) (5.1 1.7) (5.1 8.3) (5.1 5) (5.1 8.7) (5.1 6) (5.1 4.3) (5.1 1.1) (4.7 1.7) (4.7 8.3) (4.7 5) (4.7 6.1) (4.3 1.7) (4.3 4.9) (1.1 1.7) (1.1 6.1) (1.1 4.3)
14 47 int 74 76 51 22 56 82 40 26 85 70 18 35 36 54 (74 76) (74 56) (74 82) (51 74) (22 51) (22 35) (56 76) (56 82) (56 40) (56 85) (56 36) (56 54) (82 51) (82 40) (82 85) (82 70) (82 36) (40 22) (40 85) (40 54) (26 76) (26 56) (26 40) (26 35) (26 36) (85 18) (85 35) (70 22) (70 26) (70 85) (70 54) (18 56) (18 26) (18 70) (18 35) (18 36) (35 74) (35 76) (35 51) (35 40) (35 70) (35 54) (36 51) (36 22) (54 22) (54 26) (54 85)
14 51 int 12 80 17 84 94 10 79 18 96 40 64 60 14 76 (12 17) (12 94) (12 96) (12 40) (12 60) (12 14) (80 10) (80 76) (17 84) (17 96) (17 40) (84 12) (84 80) (84 10) (84 18) (84 40) (94 84) (94 18) (94 60) (94 14) (10 12) (10 17) (10 60) (79 80) (79 17) (79 84) (79 94) (18 40) (18 60) (18 76) (96 79) (96 76) (40 79) (40 96) (64 84) (64 10) (64 18) (64 96) (64 60) (64 14) (64 76) (60 80) (60 40) (14 80) (14 17) (14 10) (14 60) (76 12) (76 17) (76 10) (76 79)
15 69 double 7.7 3.6 2.2 8.8 6.7 8.7 8.2 6.2 8.4 8.1 2.8 4.3 1.6 4.2 9.9 (7.7 3.6) (7.7 2.2) (7.7 8.7) (7.7 8.4) (7.7 8.1) (7.7 2.8) (7.7 4.3) (7.7 9.9) (3.6 8.8) (3.6 9.9) (2.2 3.6) (2.2 6.7) (2.2 8.1) (2.2 2.8) (2.2 9.9) (8.8 7.7) (8.8 2.2) (8.8 8.7) (8.8 2.8) (8.8 9.9) (6.7 7.7) (6.7 8.8) (6.7 6.2) (6.7 2.8) (6.7 1.6) (6.7 9.9) (8.7 3.6) (8.7 6.7) (8.2 8.8) (8.2 8.7) (8.2 8.4) (8.2 2.8) (8.2 1.6) (6.2 7.7) (6.2 3.6) (6.2 8.7) (6.2 8.4) (6.2 2.8) (6.2 1.6) (8.4 8.8) (8.4 6.7) (8.4 8.7) (8.4 1.6) (8.4 4.2) (8.1 8.8) (8.1 6.7) (8.1 6.2) (8.1 2.8) (8.1 9.9) (2.8 4.3) (2.8 1.6) (2.8 9.9) (4.3 3.6) (4.3 2.2) (4.3 8.8) (4.3 6.7) (4.3 8.7) (4.3 8.1) (1.6 7.7) (1.6 3.6) (1.6 8.8) (1.6 8.1) (1.6 4.3) (1.6 4.2) (4.2 8.7) (4.2 8.1) (9.9 8.7) (9.9 8.4) (9.9 1.6)
15 32 char J P W L B I R M O F T N Q U X (J B) (J I) (P F) (W F) (L W) (L X) (B W) (B L) (B R) (B T) (B Q) (B X) (I P) (I B) (R O) (M W) (F O) (F X) (T J) (N W) (N L) (N M) (N O) (Q P) (Q M) (U M) (U O) (U T) (X J) (X W) (X N) (X U)
15 34 char S N A H C E J Q D P M O L T X (S H) (S J) (N C) (N Q) (A N) (A O) (H J) (C Q) (C M) (C O) (C L) (C T) (E N) (E H) (E Q) (E P) (J D) (Q H) (Q J) (P S) (P D) (P L) (M A) (M H) (M E) (O D) (L H) (L E) (L T) (L X) (T Q) (T M) (X S) (X P)
15 47 int 60 74 42 94 28 65 90 84 19 61 26 82 93 39 36 (60 90) (60 19) (60 82) (74 60) (74 65) (74 82) (74 93) (42 93) (42 39) (94 42) (94 39) (28 60) (28 90) (28 19) (28 61) (65 94) (65 61) (65 26) (65 39) (90 74) (90 26) (84 74) (84 65) (84 61) (84 82) (84 93) (19 94) (19 90) (19 84) (19 39) (19 36) (61 42) (61 39) (61 36) (26 84) (26 19) (26 36) (82 42) (82 94) (82 93) (82 36) (93 94) (93 26) (93 36) (39 84) (36 94) (36 39)
15 64 double 3.4 4.9 3.1 6.6 8.7 7.2 9.6 9.5 9.2 9 9.7 1.6 7.1 5.6 6.9 (3.4 4.9) (3.4 6.6) (3.4 9) (4.9 6.6) (3.1 4.9) (3.1 9.7) (3.1 1.6) (3.1 6.9) (6.6 3.1) (6.6 8.7) (6.6 9.5) (6.6 9.2) (6.6 9.7) (6.6 1.6) (6.6 6.9) (8.7 4.9) (8.7 9.6) (8.7 9.2) (8.7 1.6) (8.7 6.9) (7.2 3.4) (7.2 8.7) (9.6 4.9) (9.6 7.2) (9.6 9.2) (9.6 9) (9.6 7.1) (9.5 3.4) (9.5 7.2) (9.5 9.7) (9.2 7.2) (9.2 9.5) (9.2 9) (9 6.6) (9 9.5) (9.7 8.7) (9.7 9.6) (9.7 9.2) (9.7 9) (9.7 7.1) (9.7 6.9) (1.6 7.2) (1.6 9.6) (1.6 9) (1.6 5.6) (7.1 4.9) (7.1 6.6) (7.1 8.7) (7.1 7.2) (7.1 1.6) (7.1 6.9) (5.6 3.1) (5.6 9.6) (5.6 9.5) (5.6 9.2) (5.6 9) (5.6 9.7) (5.6 7.1) (6.9 3.4) (6.9 7.2) (6.9 9.6) (6.9 9) (6.9 1.6) (6.9 5.6)
15 60 char M E C A W N H S F Q O D L X Y (M N) (M H) (M F) (M Q) (M D) (M X) (E M) (E H) (E Q) (E Y) (C E) (C S) (C L) (A M) (A W) (A N) (A F) (N E) (N C) (N Q) (H C) (H N) (H Q) (H L) (H Y) (S M) (S Q) (S X) (S Y) (F O) (F L) (F Y) (Q W) (Q F) (Q X) (Q Y) (O M) (O C) (O N) (O H) (O Q) (O D) (O L) (D W) (D H) (D Q) (D Y) (L W) (L S) (L X) (X C) (X A) (X N) (X F) (Y M) (Y A) (Y W) (Y O) (Y L) (Y X)
15 20 int 39 40 82 33 84 54 44 41 35 21 52 19 11 75 98 (40 21) (82 52) (82 11) (33 52) (33 11) (84 41) (54 75) (44 84) (35 41) (52 39) (52 98) (19 21) (11 98) (75 39) (75 44) (75 41) (75 98) (98 84) (98 41) (98 35)
16 60 int 88 49 77 36 28 21 66 23 60 96 72 67 53 79 39 11 (88 60) (88 72) (88 53) (88 39) (88 11) (49 28) (49 23) (49 72) (49 79) (77 88) (77 23) (77 60) (77 96) (77 67) (77 11) (36 88) (36 77) (36 28) (36 66) (36 23) (36 72) (36 67) (21 88) (21 49) (21 77) (21 36) (21 28) (21 23) (21 96) (21 39) (21 11) (66 88) (66 49) (66 60) (23 28) (23 60) (23 96) (60 96) (72 28) (72 21) (72 23) (72 60) (67 49) (67 39) (67 11) (53 28) (53 21) (53 23) (53 72) (53 39) (79 28) (79 72) (79 67) (79 53) (79 39) (39 28) (39 11) (11 66) (11 96) (11 79)
16 60 int 17 72 16 90 57 62 63 92 68 59 46 28 50 84 18 95 (17 90) (17 92) (17 59) (17 46) (17 18) (72 16) (72 50) (16 28) (90 16) (90 92) (90 59) (90 28) (90 50) (90 18) (57 62) (57 28) (57 50) (62 59) (62 46) (62 28) (62 84) (62 95) (63 90) (63 57) (63 62) (63 59) (63 50) (63 18) (92 46) (92 18) (92 95) (68 16) (68 59) (68 95) (59 92) (59 84) (59 18) (59 95) (46 57) (46 63) (46 68) (46 95) (28 63) (28 92) (28 84) (28 95) (50 17) (50 59) (84 16) (84 90) (84 57) (84 63) (84 68) (84 46) (84 50) (18 16) (18 57) (18 62) (18 46) (95 50)
17 51 double 3.4 9.9 9.5 8.1 7.9 9.2 1.2 4.6 4.5 9 2.6 6.2 8.5 4.8 7.4 7.1 4.9 (3.4 7.9) (3.4 7.1) (9.9 3.4) (9.9 2.6) (9.9 6.2) (9.9 4.8) (9.9 7.4) (9.9 4.9) (9.5 6.2) (8.1 9.5) (8.1 4.6) (8.1 7.1) (7.9 4.5) (7.9 6.2) (9.2 9.9) (9.2 2.6) (1.2 3.4) (1.2 6.2) (1.2 4.8) (4.6 3.4) (4.6 9.5) (4.6 4.5) (4.6 9) (4.6 6.2) (4.6 7.4) (4.6 7.1) (4.5 9.2) (4.5 9) (4.5 6.2) (4.5 7.4) (9 3.4) (9 7.1) (2.6 3.4) (2.6 9.5) (2.6 8.1) (2.6 9) (2.6 4.8) (6.2 9.2) (8.5 9.5) (8.5 8.1) (8.5 4.6) (8.5 4.9) (4.8 8.1) (4.8 4.6) (4.8 8.5) (7.4 7.9) (7.4 4.8) (7.1 4.5) (7.1 2.6) (4.9 7.9) (4.9 1.2)
17 65 double 1.6 7.7 7.6 5 6.5 2.1 5.5 8.4 6.9 4 1.2 5.2 9.8 5.7 8.1 3.1 2.4 (1.6 5.5) (1.6 8.4) (1.6 6.9) (1.6 1.2) (1.6 5.2) (1.6 9.8) (1.6 8.1) (7.7 1.6) (7.7 6.5) (7.7 5.5) (7.7 5.2) (7.7 9.8) (7.6 2.1) (7.6 6.9) (7.6 3.1) (5 1.6) (5 7.6) (5 5.5) (5 8.4) (5 3.1) (5 2.4) (6.5 7.6) (6.5 2.1) (2.1 5) (5.5 2.1) (5.5 1.2) (5.5 5.7) (5.5 3.1) (5.5 2.4) (8.4 6.5) (8.4 5.5) (8.4 5.7) (8.4 3.1) (6.9 8.1) (4 7.7) (4 7.6) (4 8.4) (4 5.7) (4 2.4) (1.2 8.1) (1.2 3.1) (5.2 7.6) (5.2 5) (5.2 5.5) (5.2 6.9) (5.2 4) (9.8 5) (9.8 4) (9.8 5.7) (9.8 8.1) (9.8 3.1) (5.7 1.6) (5.7 7.7) (5.7 7.6) (5.7 6.9) (5.7 3.1) (5.7 2.4) (8.1 3.1) (3.1 7.7) (3.1 6.5) (2.4 7.7) (2.4 2.1) (2.4 6.9) (2.4 5.2) (2.4 8.1)
17 53 int 17 11 20 40 66 63 86 95 64 99 43 33 62 72 69 53 61 (17 66) (17 86) (17 69) (11 20) (11 63) (11 86) (20 66) (20 69) (40 17) (40 11) (40 86) (40 99) (40 43) (40 53) (66 11) (66 64) (66 33) (66 53) (63 17) (63 20) (63 95) (86 64) (86 61) (95 40) (95 86) (95 99) (64 20) (64 43) (99 20) (99 64) (43 20) (43 62) (33 11) (33 40) (33 43) (33 72) (62 20) (62 66) (62 63) (62 86) (62 69) (72 86) (72 95) (72 62) (72 53) (72 61) (69 99) (69 43) (69 53) (53 20) (53 95) (61 20) (61 63)
17 57 int 94 90 19 35 54 15 60 87 95 40 39 96 57 75 43 48 70 (94 19) (94 15) (94 95) (94 75) (94 70) (90 19) (90 35) (90 54) (90 57) (19 39) (19 43) (35 19) (35 95) (35 75) (54 94) (54 35) (54 60) (54 96) (54 57) (15 90) (15 60) (15 95) (60 90) (60 35) (60 95) (95 19) (95 54) (95 57) (40 35) (40 60) (40 87) (40 70) (39 94) (39 95) (39 70) (96 19) (96 95) (57 94) (57 19) (57 15) (57 39) (57 96) (57 48) (75 15) (75 60) (75 87) (75 39) (75 43) (75 70) (43 94) (43 15) (48 54) (48 95) (48 96) (70 15) (70 95) (70 48)
17 90 double 9.4 9.8 6.9 5.4 4.3 9 1.1 8.6 8.4 7.5 3.5 5.3 5.9 9.3 5 6.4 3.6 (9.4 6.9) (9.4 5.4) (9.4 8.6) (9.4 7.5) (9.4 3.5) (9.4 5) (9.8 5.4) (9.8 9) (9.8 1.1) (9.8 5) (6.9 9.8) (6.9 5.4) (6.9 9) (6.9 8.6) (6.9 8.4) (6.9 3.5) (6.9 5.3) (6.9 5.9) (6.9 9.3) (5.4 8.4) (5.4 7.5) (5.4 5.3) (5.4 9.3) (5.4 5) (4.3 9.4) (4.3 9) (4.3 1.1) (4.3 8.4) (4.3 7.5) (4.3 5.9) (4.3 9.3) (4.3 5) (9 5.4) (9 8.6) (9 8.4) (9 3.5) (9 9.3) (1.1 9.4) (1.1 6.9) (1.1 8.6) (1.1 5.3) (1.1 5.9) (1.1 5) (8.6 7.5) (8.6 5.3) (8.6 5.9) (8.6 9.3) (8.4 9.4) (8.4 9.8) (8.4 1.1) (7.5 9) (7.5 5.9) (7.5 3.6) (3.5 4.3) (3.5 8.6) (3.5 5) (5.3 9.8) (5.3 4.3) (5.3 5.9) (5.9 5.4) (5.9 8.4) (5.9 3.5) (9.3 9.4) (9.3 1.1) (9.3 8.4) (9.3 7.5) (9.3 3.5) (5 6.9) (5 9) (5 8.6) (5 6.4) (5 3.6) (6.4 9.4) (6.4 9.8) (6.4 4.3) (6.4 9) (6.4 1.1) (6.4 8.4) (6.4 7.5) (3.6 9.4) (3.6 6.9) (3.6 4.3) (3.6 9) (3.6 1.1) (3.6 8.6) (3.6 8.4) (3.6 3.5) (3.6 5.3) (3.6 9.3) (3.6 6.4)
18 29 char R K G O W Y F D V M E U C S T I X J (R X) (K V) (K C) (O C) (W R) (Y T) (Y J) (F M) (F U) (D Y) (D V) (D T) (V Y) (V M) (M Y) (M E) (E D) (E C) (U R) (U X) (U J) (C W) (C M) (S W) (I V) (I X) (I J) (X C) (J V)
18 44 int 24 30 85 47 78 98 33 45 15 13 57 38 89 54 31 79 81 56 (24 85) (24 45) (24 79) (30 78) (30 89) (30 56) (85 47) (85 78) (85 38) (47 98) (47 31) (78 24) (78 98) (78 33) (78 79) (98 13) (98 31) (33 30) (33 54) (45 30) (45 13) (45 54) (15 57) (13 85) (13 47) (13 33) (13 57) (13 38) (38 47) (38 15) (89 85) (89 78) (89 45) (89 15) (54 47) (54 81) (54 56) (31 45) (31 57) (79 15) (81 15) (81 89) (81 79) (56 38)
18 44 double 1.4 7.5 9.8 1.8 3.6 5.2 5.9 8.9 8.4 1.3 9.2 2 3.1 3.5 8.2 3.4 3.7 5.7 (1.4 7.5) (1.4 5.2) (1.4 3.4) (7.5 9.8) (7.5 2) (7.5 3.7) (9.8 8.4) (9.8 1.3) (9.8 2) (9.8 3.1) (9.8 5.7) (3.6 9.8) (3.6 3.1) (3.6 3.5) (3.6 3.4) (5.2 9.2) (5.9 1.4) (5.9 9.8) (5.9 5.2) (5.9 1.3) (8.9 1.4) (8.9 7.5) (8.9 9.8) (8.9 3.7) (8.4 1.4) (8.4 3.1) (8.4 5.7) (1.3 9.2) (1.3 5.7) (9.2 8.9) (9.2 3.5) (2 1.4) (2 1.3) (2 3.1) (3.5 1.4) (3.5 8.9) (3.5 3.4) (8.2 1.4) (8.2 7.5) (8.2 3.1) (3.4 1.3) (3.4 3.7) (3.7 5.9) (3.7 3.1)
18 93 int 76 99 45 43 61 26 73 50 90 34 89 49 77 60 85 67 55 84 (76 61) (76 26) (76 60) (76 85) (76 67) (99 76) (99 45) (99 50) (99 89) (45 73) (45 50) (45 90) (45 89) (45 77) (45 60) (45 67) (45 55) (43 45) (43 26) (43 73) (43 85) (43 67) (43 84) (61 99) (61 45) (61 43) (61 60) (61 84) (26 34) (26 85) (73 76) (73 99) (73 49) (50 61) (50 26) (50 34) (50 49) (50 84) (90 61) (90 73) (90 50) (90 34) (90 60) (90 85) (90 67) (90 84) (34 76) (34 67) (89 76) (89 61) (89 26) (89 73) (89 90) (89 34) (49 99) (49 61) (49 34) (49 89) (49 85) (77 99) (77 26) (77 73) (77 50) (77 90) (77 89) (77 49) (77 85) (60 26) (60 34) (60 49) (60 77) (60 84) (85 99) (85 45) (85 73) (85 89) (85 55) (67 26) (67 50) (67 89) (67 49) (67 77) (67 60) (67 85) (67 84) (55 99) (55 73) (55 90) (55 49) (55 60) (84 76) (84 99) (84 34)
18 103 char C A U S T L P X B Q W H O E D M Y V (C S) (C X) (C Q) (C O) (C D) (A S) (A L) (A X) (A W) (A Y) (U T) (U X) (U B) (U E) (U Y) (U V) (S T) (S P) (S X) (S B) (S Q) (S H) (S V) (T P) (T X) (T Q) (T H) (L C) (L Q) (L W) (L D) (L M) (P L) (P X) (P O) (P E) (P V) (X B) (X W) (X H) (X O) (X M) (B C) (B P) (B Q) (B M) (B Y) (Q P) (Q X) (Q D) (Q M) (W C) (W U) (W B) (W Y) (H C) (H A) (H L) (H W) (H D) (O A) (O S) (O T) (O L) (O B) (O Q) (O E) (O Y) (O V) (E C) (E A) (E S) (E L) (E X) (E W) (E H) (E Y) (D U) (D S) (D P) (D X) (D W) (D O) (D M) (D Y) (M C) (M U) (M P) (M W) (M Y) (M V) (Y S) (Y T) (Y L) (Y P) (Y X) (Y H) (V T) (V X) (V B) (V Q) (V E) (V D)
18 19 double 6.8 7.8 7.9 7 3.5 8.1 4.4 4.1 7.4 9.4 8.8 3.9 8.7 6.6 5.4 3.1 6.2 3.7 (6.8 4.4) (6.8 3.9) (7 9.4) (3.5 3.1) (8.1 3.1) (4.4 5.4) (4.1 7) (4.1 6.6) (3.9 4.1) (8.7 7.9) (8.7 7.4) (8.7 5.4) (6.6 8.8) (6.2 6.8) (6.2 8.1) (6.2 8.7) (6.2 3.7) (3.7 3.5) (3.7 4.1)
19 118 int 95 88 14 42 50 43 46 53 22 41 60 81 21 79 32 98 18 55 51 (95 88) (95 60) (95 21) (95 79) (95 32) (95 98) (88 43) (88 60) (88 21) (88 79) (88 98) (14 95) (14 79) (42 95) (42 50) (42 46) (42 81) (42 79) (42 32) (42 18) (50 88) (50 14) (50 53) (50 22) (50 60) (50 81) (50 79) (50 51) (43 14) (43 42) (43 50) (43 53) (43 81) (43 79) (43 98) (46 88) (46 50) (46 98) (53 95) (53 14) (53 42) (53 22) (53 41) (53 60) (53 81) (53 21) (53 79) (53 18) (22 14) (22 43) (22 46) (22 79) (22 98) (41 88) (41 42) (41 50) (41 55) (41 51) (60 14) (60 42) (60 43) (60 46) (60 22) (60 41) (60 51) (81 88) (81 14) (81 41) (81 21) (81 55) (21 14) (21 50) (21 46) (21 22) (21 41) (21 60) (21 18) (79 46) (79 41) (79 60) (79 18) (79 55) (32 53) (32 22) (32 21) (32 55) (32 51) (98 14) (98 42) (98 53) (98 41) (98 60) (98 32) (98 51) (18 95) (18 88) (18 14) (18 50) (18 43) (18 46) (18 41) (18 81) (18 32) (18 98) (55 14) (55 42) (55 50) (55 60) (55 21) (55 18) (51 88) (51 14) (51 42) (51 43) (51 46) (51 53) (51 21) (51 18)
19 86 double 1 5.7 2.6 2.3 7.5 1.9 8.1 7.3 5.6 1.1 7.2 8.2 1.6 7.4 6.8 1.7 8 1.3 3.5 (1 5.7) (1 8.2) (1 7.4) (1 8) (1 3.5) (5.7 7.3) (5.7 7.2) (2.6 8.1) (2.6 5.6) (2.6 6.8) (2.3 1) (2.3 2.6) (2.3 1.9) (2.3 8.1) (2.3 5.6) (2.3 1.7) (7.5 1.1) (7.5 8.2) (7.5 1.6) (7.5 8) (1.9 7.5) (1.9 8.1) (1.9 8.2) (1.9 1.6) (1.9 3.5) (8.1 3.5) (7.3 2.6) (7.3 7.5) (7.3 1.9) (7.3 1.7) (5.6 5.7) (5.6 1.1) (5.6 1.7) (5.6 8) (1.1 5.7) (1.1 2.6) (1.1 8.2) (1.1 1.6) (1.1 6.8) (7.2 1) (7.2 1.9) (7.2 8.2) (7.2 7.4) (8.2 2.6) (8.2 8.1) (8.2 7.3) (8.2 7.4) (8.2 8) (1.6 1) (1.6 2.6) (1.6 2.3) (1.6 8.1) (1.6 7.3) (1.6 8) (1.6 1.3) (7.4 2.3) (7.4 7.3) (7.4 5.6) (7.4 1.7) (7.4 8) (6.8 1) (6.8 2.3) (6.8 8.1) (6.8 5.6) (1.7 5.7) (1.7 1.9) (1.7 1.1) (1.7 3.5) (8 2.6) (8 8.1) (8 7.3) (8 1.1) (8 3.5) (1.3 5.7) (1.3 1.9) (1.3 7.3) (1.3 5.6) (1.3 7.4) (1.3 6.8) (1.3 8) (3.5 7.5) (3.5 7.3) (3.5 8.2) (3.5 7.4) (3.5 6.8) (3.5 1.3)
20 119 char V B N C U J I H R F Q S A O D X P M T L (V J) (V H) (V F) (V Q) (V O) (V P) (V M) (V T) (V L) (B U) (B F) (B S) (B P) (N V) (N U) (N J) (N I) (N F) (N S) (N D) (N P) (C V) (C B) (C H) (C Q) (C O) (C D) (C P) (C M) (C L) (U J) (U R) (U M) (U T) (U L) (J C) (J R) (J F) (J A) (J O) (J X) (J P) (J T) (I O) (I X) (I P) (H B) (H N) (H J) (H I) (H Q) (H S) (H D) (H X) (H T) (H L) (R V) (R I) (R Q) (R O) (R M) (F C) (F U) (F M) (F L) (Q J) (Q A) (Q D) (S C) (S J) (S Q) (S O) (S X) (A N) (A I) (A H) (A P) (O N) (O U) (O X) (O T) (D B) (D U) (D J) (D I) (D F) (D X) (D P) (X B) (X C) (X R) (X F) (X L) (P H) (P R) (P F) (P Q) (P S) (P O) (P X) (P M) (M B) (M I) (M D) (M T) (T B) (T N) (T C) (T I) (T F) (T S) (T X) (T P) (L B) (L I) (L A) (L O) (L P) (L T)
20 101 char A J B M U Y G L Q T D W I N C O H E K R (A J) (A B) (A M) (A G) (A D) (A N) (J B) (J L) (J W) (J C) (J H) (J K) (B N) (B C) (M J) (M Y) (M T) (M W) (M H) (M E) (M K) (U A) (U G) (U W) (Y Q) (Y I) (Y N) (Y O) (Y H) (G B) (G Q) (G D) (G O) (L A) (L B) (L M) (L U) (L Y) (L Q) (L I) (L R) (Q A) (Q B) (Q M) (Q T) (Q W) (Q E) (T B) (T Y) (T I) (T R) (D J) (D Y) (D T) (W G) (W D) (W N) (W K) (I U) (I C) (I H) (I R) (N G) (N Q) (N T) (N E) (N K) (N R) (C M) (C U) (C Y) (C G) (C L) (C D) (C N) (C O) (C H) (O M) (O L) (O I) (O K) (H Q) (H T) (H N) (H E) (H R) (E J) (E U) (E L) (E T) (K U) (K T) (K D) (K H) (K E) (R B) (R M) (R G) (R D) (R C) (R K)
20 66 int 69 84 95 53 21 67 49 24 90 23 48 89 97 77 46 81 16 65 73 58 (69 53) (69 21) (69 24) (69 46) (84 53) (84 67) (95 69) (95 65) (53 95) (53 67) (53 24) (53 81) (53 16) (53 65) (21 95) (21 49) (21 97) (21 81) (67 48) (67 73) (49 84) (49 95) (49 48) (49 81) (49 16) (24 95) (24 97) (24 77) (24 16) (24 58) (90 95) (90 16) (23 46) (23 16) (48 24) (48 90) (48 97) (48 46) (48 58) (89 69) (89 21) (89 67) (89 24) (89 90) (89 48) (89 97) (89 58) (97 95) (97 49) (97 90) (97 77) (77 84) (77 67) (77 46) (77 73) (46 97) (81 67) (81 48) (16 77) (65 49) (65 24) (65 48) (73 53) (58 53) (58 49) (58 81)
20 117 int 14 90 55 96 11 52 49 31 97 70 32 18 53 84 78 19 40 10 93 17 (14 96) (14 52) (14 49) (14 53) (90 14) (90 96) (90 11) (90 49) (90 70) (55 14) (55 18) (55 19) (55 10) (55 93) (96 53) (96 84) (11 14) (11 97) (11 78) (11 93) (52 90) (52 96) (52 11) (52 49) (52 31) (52 97) (52 19) (52 93) (49 96) (49 31) (49 70) (49 93) (31 90) (31 96) (31 18) (31 78) (31 19) (31 93) (97 49) (97 31) (97 18) (97 53) (97 93) (97 17) (70 14) (70 52) (70 31) (70 97) (70 84) (70 19) (70 10) (32 55) (32 49) (32 97) (32 70) (32 18) (32 40) (32 17) (18 14) (18 96) (18 11) (18 52) (18 49) (18 53) (18 84) (18 78) (53 90) (53 11) (53 52) (53 31) (53 70) (53 10) (53 93) (84 14) (84 55) (84 31) (84 97) (84 32) (84 40) (84 17) (78 55) (78 52) (78 53) (78 93) (78 17) (19 14) (19 90) (19 96) (19 32) (19 18) (19 84) (19 40) (40 11) (40 49) (40 31) (40 70) (40 18) (40 53) (40 78) (10 90) (10 52) (10 49) (10 97) (10 84) (10 78) (10 19) (10 93) (93 90) (93 96) (93 84) (93 19) (93 40) (17 14) (17 96) (17 31) (17 70) (17 18)
20 54 int 11 99 49 66 31 26 91 23 43 52 90 73 71 54 24 69 28 96 86 88 (99 11) (99 54) (49 99) (49 66) (49 52) (49 90) (49 88) (66 31) (66 73) (31 24) (26 43) (26 69) (91 31) (91 23) (23 66) (23 24) (43 52) (43 71) (43 24) (43 96) (52 26) (90 66) (90 43) (73 31) (73 91) (73 96) (73 86) (71 99) (71 49) (71 26) (71 23) (54 26) (54 23) (54 73) (24 52) (24 86) (69 11) (69 71) (69 96) (28 11) (28 23) (28 90) (96 91) (96 54) (96 24) (96 88) (86 11) (86 99) (86 66) (86 52) (86 90) (88 31) (88 90) (88 28)
20 66 double 3.8 9.1 2.1 2.7 6.2 4.2 3.2 8.8 2.9 4.4 5.4 3.5 7.5 9.3 6.3 1.3 9.9 1.4 7.1 3.6 (3.8 9.1) (3.8 3.2) (3.8 2.9) (9.1 2.9) (9.1 4.4) (9.1 3.5) (9.1 7.1) (2.1 9.1) (2.1 4.2) (2.1 4.4) (2.1 5.4) (2.1 1.3) (2.1 9.9) (2.1 1.4) (2.7 4.2) (2.7 8.8) (2.7 3.5) (2.7 7.1) (6.2 2.1) (6.2 2.7) (6.2 3.2) (6.2 1.3) (6.2 7.1) (4.2 9.1) (4.2 9.9) (3.2 7.1) (8.8 3.8) (8.8 5.4) (8.8 9.3) (2.9 2.1) (2.9 2.7) (2.9 8.8) (2.9 4.4) (2.9 7.1) (4.4 2.7) (4.4 5.4) (4.4 7.5) (5.4 3.5) (3.5 3.2) (3.5 9.9) (7.5 2.7) (7.5 4.2) (9.3 3.2) (9.3 2.9) (9.3 7.1) (6.3 2.1) (6.3 3.2) (6.3 2.9) (6.3 7.5) (1.3 4.4) (1.3 3.5) (9.9 9.1) (9.9 8.8) (9.9 5.4) (9.9 1.4) (1.4 3.2) (1.4 2.9) (1.4 6.3) (1.4 1.3) (7.1 4.4) (7.1 3.5) (7.1 1.3) (3.6 2.9) (3.6 5.4) (3.6 7.5) (3.6 7.1)
20 130 double 1.3 6.6 3.7 3.1 2.6 6.1 5 4.2 9.2 2.5 5.2 1.9 8 7.8 1.5 3 2.8 8.8 1.7 8.3 (1.3 6.6) (1.3 3.1) (1.3 6.1) (1.3 8) (1.3 2.8) (6.6 5) (6.6 4.2) (6.6 5.2) (6.6 1.5) (6.6 3) (3.7 3.1) (3.1 6.6) (3.1 6.1) (3.1 9.2) (3.1 1.5) (3.1 1.7) (2.6 4.2) (2.6 9.2) (2.6 8) (2.6 1.5) (2.6 3) (2.6 1.7) (6.1 2.6) (6.1 9.2) (6.1 2.5) (6.1 5.2) (6.1 1.7) (5 1.3) (5 2.6) (5 6.1) (5 4.2) (5 8) (5 7.8) (5 8.8) (4.2 6.1) (4.2 9.2) (4.2 1.9) (4.2 8) (4.2 7.8) (4.2 8.8) (9.2 1.3) (9.2 6.6) (9.2 3.7) (9.2 2.5) (9.2 8) (9.2 7.8) (9.2 3) (9.2 8.3) (2.5 6.6) (2.5 3.1) (2.5 2.6) (2.5 5) (2.5 7.8) (2.5 1.5) (2.5 2.8) (2.5 1.7) (5.2 1.3) (5.2 3.7) (5.2 3.1) (5.2 2.6) (5.2 9.2) (5.2 1.5) (1.9 6.6) (1.9 3.7) (1.9 3.1) (1.9 2.6) (1.9 6.1) (1.9 5) (1.9 9.2) (1.9 5.2) (1.9 8) (1.9 1.5) (1.9 3) (1.9 2.8) (1.9 8.8) (8 6.6) (8 3.7) (8 5.2) (8 7.8) (8 1.5) (8 8.3) (7.8 1.3) (7.8 6.6) (7.8 3.7) (7.8 3.1) (7.8 2.6) (7.8 6.1) (7.8 8.3) (1.5 1.3) (1.5 6.1) (1.5 5) (1.5 9.2) (1.5 7.8) (1.5 3) (1.5 2.8) (1.5 8.8) (3 3.1) (3 6.1) (3 5) (3 4.2) (3 2.5) (3 5.2) (3 8) (3 2.8) (2.8 6.6) (2.8 3.7) (2.8 6.1) (2.8 5) (2.8 4.2) (2.8 8) (2.8 7.8) (2.8 1.7) (8.8 3.7) (8.8 5.2) (1.7 1.3) (1.7 6.6) (1.7 3.7) (1.7 5) (1.7 8) (1.7 8.3) (8.3 1.3) (8.3 6.6) (8.3 3.1) (8.3 2.6) (8.3 6.1) (8.3 4.2) (8.3 2.5) (8.3 5.2) (8.3 3) (8.3 8.8)
20 38 double 8.1 1.3 4.9 3.4 1.4 7.3 9.1 8.2 4.1 2.1 9.6 9.2 6 2.8 3.2 3.6 7 1.9 1.8 8.4 (8.1 8.4) (1.3 1.4) (4.9 8.1) (4.9 7.3) (4.9 2.8) (3.4 8.2) (3.4 9.2) (3.4 6) (3.4 7) (1.4 1.9) (1.4 8.4) (7.3 8.1) (7.3 9.1) (7.3 3.2) (9.1 6) (9.1 2.8) (8.2 7) (4.1 9.1) (4.1 2.1) (2.1 1.9) (9.6 6) (9.2 4.9) (9.2 1.8) (6 1.4) (2.8 3.4) (2.8 4.1) (3.2 1.4) (3.2 8.4) (3.6 3.4) (7 6) (7 1.8) (1.9 8.1) (1.9 6) (1.9 3.6) (1.8 7.3) (1.8 8.4) (8.4 4.9) (8.4 9.1)
20 106 char F C M B D U V A H W T K Q Y J N G E S X (F B) (F V) (F H) (F J) (F E) (C U) (C V) (C T) (C Y) (M U) (M A) (M G) (M X) (B C) (B U) (B V) (B A) (B K) (B N) (B E) (D B) (D Y) (U V) (U A) (U T) (U Y) (U G) (V D) (V T) (V K) (V E) (A F) (A D) (A H) (A W) (A Y) (A J) (A X) (H M) (H D) (H U) (H T) (H K) (H Y) (H J) (H N) (H E) (W F) (W C) (W M) (W D) (W H) (W Y) (W N) (W X) (T B) (T D) (T W) (T S) (T X) (Q F) (Q C) (Q B) (Q D) (Q H) (Q N) (Q E) (Y F) (Y T) (Y J) (Y G) (J C) (J U) (J W) (J T) (J Q) (J X) (N C) (N V) (N T) (N S) (N X) (G C) (G A) (G K) (G Q) (G E) (G X) (E C) (E M) (E K) (S F) (S M) (S B) (S D) (S Y) (S J) (S X) (X F) (X C) (X B) (X U) (X K) (X Q) (X Y) (X E)
21 41 char I L X H R P D N W Y C M K Q S T O E J A G (I D) (I N) (I S) (H I) (H N) (H E) (R P) (R M) (R K) (R O) (R E) (D Q) (N E) (N J) (Y X) (Y R) (Y W) (Y T) (C I) (C D) (C Y) (C M) (C Q) (M S) (M A) (K P) (K W) (Q Y) (S L) (S H) (T L) (T S) (T J) (O S) (E C) (E K) (E J) (J O) (A J) (G R) (G N)
21 90 double 1.1 9.3 8.9 3 9.6 8 1.8 6.2 1.4 2.6 3.9 8.2 2.5 2.2 3.1 5 5.7 6.6 4.9 8.6 7.9 (1.1 1.4) (1.1 2.5) (1.1 2.2) (1.1 6.6) (9.3 8.9) (9.3 1.8) (9.3 2.2) (9.3 3.1) (9.3 5.7) (9.3 8.6) (9.3 7.9) (8.9 9.6) (8.9 1.4) (8.9 6.6) (3 2.6) (3 7.9) (9.6 1.1) (9.6 2.6) (9.6 2.2) (9.6 6.6) (8 8.9) (8 1.4) (8 2.6) (8 8.2) (1.8 3) (1.8 1.4) (1.8 7.9) (6.2 8.9) (6.2 3) (6.2 2.2) (6.2 7.9) (1.4 8.2) (1.4 2.5) (1.4 3.1) (1.4 5.7) (1.4 6.6) (1.4 4.9) (1.4 7.9) (2.6 1.8) (2.6 1.4) (2.6 8.2) (2.6 2.2) (2.6 3.1) (2.6 5.7) (2.6 4.9) (3.9 1.1) (3.9 3) (3.9 6.2) (3.9 2.6) (3.9 2.2) (3.9 5) (3.9 7.9) (8.2 3) (8.2 1.8) (8.2 7.9) (2.5 8.9) (2.5 2.6) (2.5 5) (2.5 8.6) (2.2 8.2) (3.1 3) (3.1 8) (3.1 3.9) (3.1 5) (3.1 5.7) (3.1 6.6) (3.1 8.6) (5 3) (5 8) (5 2.6) (5 4.9) (5.7 8.9) (5.7 9.6) (5.7 1.8) (5.7 2.2) (5.7 6.6) (5.7 4.9) (6.6 3) (6.6 2.6) (6.6 3.9) (6.6 5) (4.9 1.8) (4.9 3.9) (4.9 6.6) (8.6 1.1) (8.6 1.8) (8.6 6.6) (7.9 8.9) (7.9 3.1) (7.9 5)
21 78 int 62 53 36 89 51 34 40 95 17 68 26 56 60 77 35 88 52 16 81 80 14 (62 36) (62 56) (62 60) (62 88) (62 52) (53 17) (36 17) (36 88) (36 81) (89 77) (89 52) (51 62) (51 53) (51 17) (51 68) (51 77) (51 35) (34 56) (34 77) (34 52) (40 36) (40 95) (40 16) (40 81) (95 36) (95 26) (95 56) (95 16) (17 89) (17 88) (68 17) (68 77) (68 88) (68 52) (26 62) (26 68) (26 56) (26 60) (26 35) (26 81) (26 80) (56 36) (56 40) (56 88) (60 34) (60 68) (60 77) (60 16) (60 80) (60 14) (77 17) (35 36) (35 89) (35 56) (35 60) (88 51) (88 34) (88 26) (88 35) (52 17) (52 81) (52 14) (16 62) (16 89) (16 51) (16 26) (81 53) (81 89) (81 17) (81 77) (81 88) (80 53) (80 51) (80 35) (80 88) (14 62) (14 26) (14 80)
21 95 int 42 17 84 60 92 32 93 31 45 28 54 36 90 58 82 38 30 46 91 16 79 (42 17) (42 60) (42 82) (42 79) (17 60) (17 32) (17 93) (17 28) (17 90) (84 17) (84 92) (84 32) (84 31) (84 82) (60 84) (60 31) (60 45) (60 28) (60 30) (92 93) (92 28) (92 36) (92 30) (32 58) (32 79) (93 60) (93 31) (93 91) (31 45) (31 36) (45 54) (45 36) (45 90) (45 58) (45 38) (45 91) (45 79) (28 42) (28 93) (28 31) (28 45) (28 36) (28 90) (28 16) (54 42) (54 28) (54 58) (54 16) (54 79) (36 42) (36 84) (36 93) (36 54) (36 58) (36 91) (90 84) (90 60) (90 92) (90 54) (90 82) (90 38) (90 30) (58 84) (58 46) (58 16) (58 79) (82 17) (82 32) (82 28) (82 46) (82 91) (38 84) (38 92) (38 54) (38 30) (30 32) (30 28) (30 58) (30 91) (46 92) (46 32) (46 45) (46 28) (46 54) (46 90) (46 38) (46 79) (91 42) (91 17) (16 84) (16 93) (16 82) (16 30) (79 28) (79 38)
22 70 int 83 46 64 41 48 78 30 56 77 37 99 33 38 73 86 16 92 68 55 54 88 62 (83 38) (83 92) (46 30) (46 56) (46 77) (46 86) (46 54) (64 41) (64 56) (64 16) (64 54) (41 56) (41 38) (41 54) (41 88) (48 83) (48 33) (48 38) (78 46) (78 41) (78 55) (30 54) (56 33) (77 41) (77 38) (77 62) (37 78) (37 77) (37 38) (99 64) (99 41) (99 78) (99 33) (33 41) (33 38) (38 56) (38 16) (73 83) (73 48) (73 78) (73 99) (73 92) (73 68) (86 48) (86 77) (86 99) (86 33) (86 38) (16 83) (16 48) (16 73) (16 68) (16 62) (92 38) (92 54) (68 83) (68 46) (68 64) (55 77) (55 73) (55 54) (54 77) (54 37) (54 38) (54 68) (88 48) (88 78) (88 92) (62 92) (62 68)
22 127 int 21 88 22 14 51 85 32 99 76 15 78 42 71 12 91 58 94 97 11 66 40 82 (21 32) (21 78) (21 40) (88 22) (88 51) (88 71) (88 91) (88 58) (88 94) (88 40) (88 82) (22 85) (22 78) (22 71) (22 66) (22 40) (22 82) (14 22) (14 15) (14 78) (14 42) (14 97) (14 11) (14 66) (51 22) (51 14) (51 32) (51 99) (51 76) (51 15) (51 78) (51 12) (51 97) (51 11) (85 12) (85 97) (85 82) (32 14) (32 99) (32 76) (32 78) (32 42) (32 58) (32 94) (32 66) (99 22) (99 78) (99 42) (99 12) (99 82) (76 71) (76 12) (76 94) (76 97) (76 66) (15 42) (15 12) (15 91) (15 66) (15 40) (78 15) (78 42) (78 71) (78 94) (78 11) (78 40) (78 82) (42 88) (42 22) (42 51) (42 76) (42 58) (42 11) (71 42) (71 12) (71 97) (71 66) (12 21) (12 14) (12 78) (12 42) (91 21) (91 22) (91 32) (91 76) (91 78) (91 71) (91 82) (58 21) (58 91) (94 85) (94 15) (94 71) (94 12) (94 91) (94 58) (94 97) (94 66) (97 21) (97 78) (11 21) (11 88) (11 85) (11 32) (11 12) (11 91) (11 58) (11 94) (11 97) (66 88) (66 85) (66 12) (66 82) (40 14) (40 99) (40 71) (40 12) (40 58) (40 97) (40 11) (82 14) (82 32) (82 71) (82 12) (82 94) (82 11) (82 40)
22 49 char B C O P I X H T A Q D Y L K J G R S U V M F (B I) (B Q) (O C) (O I) (O Y) (O G) (O F) (P V) (P F) (I X) (I Q) (I K) (I G) (I U) (X O) (X Q) (X D) (X L) (H P) (H G) (H S) (T C) (T K) (A X) (A Y) (Q D) (Q K) (D J) (D S) (D M) (Y T) (Y K) (L B) (L K) (L S) (K B) (K X) (K R) (K U) (G P) (G Q) (R T) (R Q) (S X) (U H) (U V) (M Q) (F C) (F T)
22 66 char T I U F O Q L X K M C J R P S V Y W N B A D (T R) (T Y) (T N) (I O) (I P) (I V) (I A) (U Q) (U D) (F U) (F R) (F B) (F D) (O U) (O D) (Q K) (Q M) (Q Y) (Q N) (L J) (X Q) (X L) (X B) (K O) (K L) (K V) (K N) (M L) (M X) (M C) (M R) (M N) (C W) (J U) (J P) (J S) (J A) (R C) (R A) (P O) (P X) (P S) (P Y) (P N) (S K) (S M) (V M) (V A) (Y U) (Y F) (Y C) (W P) (W S) (W B) (N F) (N C) (N J) (N A) (B J) (B V) (B N) (A L) (A Y) (A B) (A D) (D K)
22 67 char A U P B Q O G S L D R X H V I F K Y T C N M (U L) (U H) (U I) (U K) (U M) (P Q) (P R) (B X) (B H) (B T) (Q H) (O B) (O L) (O I) (O Y) (O M) (G O) (G I) (S B) (S X) (L B) (D O) (D S) (D K) (R B) (R Q) (R X) (R I) (X T) (X M) (V B) (V G) (V D) (V H) (V F) (V M) (I L) (I X) (I T) (I M) (F A) (F P) (F N) (K P) (K O) (K F) (K Y) (K M) (Y D) (Y H) (Y C) (T G) (T S) (T H) (C U) (C B) (C Q) (C O) (N S) (N V) (N I) (M Q) (M S) (M L) (M D) (M R) (M Y)
22 62 int 20 32 51 70 41 35 18 10 50 72 66 53 14 31 25 76 27 88 47 30 60 11 (20 66) (20 14) (20 30) (20 60) (32 51) (32 18) (32 25) (32 30) (51 18) (51 72) (70 41) (70 18) (70 50) (70 30) (70 60) (41 20) (41 50) (41 14) (41 25) (35 10) (35 72) (18 10) (18 31) (18 47) (10 41) (10 25) (72 32) (72 50) (66 25) (66 27) (66 60) (53 18) (53 72) (53 76) (53 11) (14 51) (14 53) (14 30) (31 20) (31 88) (25 27) (76 10) (76 50) (76 72) (76 66) (76 31) (76 25) (76 30) (27 10) (27 53) (88 47) (88 60) (47 70) (47 31) (47 25) (47 30) (60 25) (11 20) (11 35) (11 10) (11 27) (11 60)
22 151 double 5.5 9.6 3.8 1.7 1 6 9.8 8.5 4 9.9 1.3 6.1 4.2 4.1 7.3 3.1 4.7 9.2 8.7 8.4 1.5 7.4 (5.5 3.8) (5.5 6) (5.5 8.5) (5.5 1.3) (5.5 4.1) (5.5 7.3) (5.5 8.7) (5.5 8.4) (5.5 1.5) (9.6 9.8) (9.6 4) (9.6 6.1) (9.6 9.2) (9.6 8.7) (9.6 1.5) (3.8 6) (3.8 8.5) (3.8 4) (3.8 1.3) (3.8 4.1) (3.8 3.1) (3.8 8.4) (1.7 5.5) (1.7 3.8) (1.7 9.8) (1.7 6.1) (1.7 4.1) (1.7 7.3) (1.7 8.4) (1 5.5) (1 3.8) (1 1.7) (1 8.5) (1 4) (1 4.2) (1 4.7) (1 9.2) (1 7.4) (6 1.7) (6 1) (6 4.2) (6 4.1) (6 8.4) (9.8 8.5) (9.8 6.1) (9.8 4.2) (9.8 1.5) (9.8 7.4) (8.5 6) (8.5 9.2) (8.5 7.4) (4 6) (4 9.8) (4 8.5) (4 4.1) (4 3.1) (4 4.7) (4 9.2) (4 8.7) (4 8.4) (9.9 9.6) (9.9 1.7) (9.9 1) (9.9 9.8) (9.9 8.5) (9.9 7.3) (9.9 3.1) (9.9 4.7) (9.9 8.4) (1.3 1.7) (1.3 6) (1.3 9.8) (1.3 8.5) (1.3 4) (1.3 9.9) (1.3 3.1) (1.3 4.7) (1.3 9.2) (1.3 8.7) (6.1 5.5) (6.1 3.8) (6.1 6) (6.1 4) (6.1 9.9) (6.1 1.3) (6.1 4.1) (6.1 8.7) (6.1 1.5) (6.1 7.4) (4.2 5.5) (4.2 1.7) (4.2 8.5) (4.2 4) (4.2 7.3) (4.2 3.1) (4.2 9.2) (4.1 8.5) (4.1 1.3) (4.1 4.2) (4.1 4.7) (4.1 9.2) (7.3 9.6) (7.3 3.8) (7.3 1) (7.3 8.5) (7.3 8.7) (7.3 8.4) (7.3 1.5) (3.1 5.5) (3.1 6) (3.1 9.8) (3.1 6.1) (3.1 4.1) (3.1 7.3) (3.1 9.2) (3.1 1.5) (4.7 9.6) (4.7 1.7) (4.7 6) (4.7 9.8) (4.7 7.3) (4.7 3.1) (9.2 3.8) (9.2 9.9) (9.2 4.7) (9.2 8.4) (8.7 8.5) (8.7 9.9) (8.7 4.1) (8.7 9.2) (8.7 1.5) (8.7 7.4) (8.4 9.6) (8.4 1) (8.4 8.5) (8.4 6.1) (8.4 3.1) (8.4 4.7) (1.5 3.8) (1.5 1) (1.5 8.5) (1.5 4) (1.5 9.9) (1.5 4.7) (1.5 9.2) (1.5 8.4) (7.4 9.6) (7.4 9.9) (7.4 4.2) (7.4 9.2) (7.4 8.4)
23 137 char J V N E I O R Y Q K S G U A F H W T C M X D P (J Y) (J K) (J U) (J H) (J M) (V I) (V O) (V R) (V A) (V W) (V T) (V C) (V D) (N O) (N R) (N Y) (N S) (N M) (E V) (E I) (E O) (E Q) (E W) (E P) (I J) (I O) (I R) (I K) (I S) (I A) (I W) (I T) (I M) (I D) (O K) (O A) (O W) (O D) (R G) (R U) (R W) (R X) (Y R) (Y U) (Y F) (Y C) (Q O) (Q R) (Q K) (Q U) (Q A) (Q M) (Q P) (K N) (K E) (K H) (K T) (K D) (K P) (S V) (S O) (S Q) (S K) (S C) (G J) (G I) (G O) (G K) (G F) (G W) (G T) (U E) (U O) (U K) (A J) (A E) (A Y) (A S) (A H) (A W) (F V) (F I) (F R) (F Q) (F S) (F A) (F W) (F T) (F M) (F X) (F D) (F P) (H V) (H O) (H Q) (H S) (H G) (H W) (W J) (W Q) (W U) (W C) (T J) (T E) (T Y) (T U) (T H) (T C) (T P) (C N) (C E) (C G) (C X) (M O) (M K) (M S) (M G) (M U) (M A) (M C) (M D) (X J) (X V) (X E) (X G) (X H) (X T) (X D) (D E) (D Q) (D T) (P J) (P V) (P O) (P R) (P S) (P H)
23 45 char O Q M T C A N Y J P L K R U F B E X D V S W I (O R) (O I) (M Q) (T I) (C O) (C T) (C N) (A Q) (A N) (Y Q) (Y P) (Y X) (Y D) (J C) (J R) (L O) (L T) (L N) (K W) (R T) (R Y) (R P) (R X) (U V) (F S) (B L) (B W) (E O) (E Q) (X M) (X N) (X F) (D O) (D C) (D A) (D K) (D B) (V N) (V L) (S N) (S R) (W T) (W N) (W I) (I F)
23 96 double 8.9 6.6 6.5 5.3 1.9 9.4 6 9.2 1.8 6.7 7.7 3.8 5.1 9.9 3.5 2.3 9.1 6.3 4.5 8 6.2 1.1 1.6 (8.9 6.5) (8.9 6) (8.9 1.8) (8.9 6.3) (8.9 4.5) (8.9 1.6) (6.6 5.3) (6.6 5.1) (6.6 2.3) (6.6 6.2) (6.6 1.6) (6.5 6.6) (6.5 9.2) (6.5 3.5) (6.5 6.3) (6.5 4.5) (6.5 8) (5.3 6.5) (5.3 6.7) (5.3 7.7) (5.3 3.5) (1.9 6.6) (1.9 1.8) (1.9 6.7) (1.9 9.9) (1.9 1.6) (9.4 1.9) (9.4 6.7) (9.4 3.8) (9.4 9.9) (9.4 3.5) (9.4 6.2) (9.4 1.1) (6 5.3) (6 6.3) (6 1.1) (9.2 1.9) (9.2 6.3) (1.8 9.4) (1.8 9.2) (1.8 3.5) (6.7 8.9) (6.7 5.1) (7.7 8.9) (7.7 6.5) (7.7 1.8) (7.7 6.7) (7.7 4.5) (7.7 1.6) (3.8 6.6) (3.8 5.3) (3.8 9.9) (3.8 2.3) (3.8 8) (5.1 6.5) (5.1 5.3) (5.1 1.9) (5.1 7.7) (9.9 8.9) (9.9 6.5) (9.9 7.7) (9.9 2.3) (9.9 1.1) (9.9 1.6) (3.5 9.2) (3.5 9.1) (3.5 8) (3.5 1.1) (2.3 9.2) (2.3 6.2) (2.3 1.6) (9.1 9.2) (9.1 7.7) (9.1 3.8) (9.1 6.3) (9.1 1.6) (6.3 9.4) (6.3 7.7) (6.3 9.9) (6.3 6.2) (6.3 1.1) (4.5 3.8) (4.5 2.3) (8 1.9) (8 5.1) (6.2 3.5) (6.2 4.5) (6.2 1.1) (1.1 6.6) (1.1 6.7) (1.1 7.7) (1.1 8) (1.1 1.6) (1.6 6.5) (1.6 9.4) (1.6 3.8)
24 70 double 1.3 8.5 9.9 9.3 9.4 4.3 5.8 5.6 1 7.3 3.8 6.4 9.6 7.9 1.8 1.4 8 4.1 2.6 8.6 2.1 3.3 6.8 5.1 (1.3 4.3) (1.3 7.9) (1.3 8) (1.3 8.6) (1.3 2.1) (8.5 9.3) (8.5 4.3) (8.5 7.9) (9.9 9.6) (9.9 7.9) (9.9 8) (9.9 2.1) (9.3 9.6) (9.4 8.5) (9.4 5.8) (9.4 7.9) (9.4 3.3) (9.4 5.1) (4.3 9.4) (4.3 7.9) (4.3 1.8) (5.8 4.3) (5.8 3.3) (5.8 5.1) (5.6 1.3) (5.6 9.9) (5.6 4.3) (5.6 7.9) (5.6 8) (1 1.3) (1 4.3) (3.8 5.6) (3.8 1.8) (6.4 9.9) (6.4 6.8) (9.6 3.3) (7.9 5.8) (7.9 7.3) (7.9 1.4) (7.9 8) (1.8 4.1) (1.4 8.5) (1.4 9.9) (1.4 1) (1.4 6.4) (1.4 8) (1.4 4.1) (8 4.3) (8 6.4) (4.1 5.6) (4.1 9.6) (2.6 9.9) (2.6 9.3) (8.6 1) (8.6 9.6) (2.1 9.4) (2.1 5.8) (2.1 4.1) (2.1 5.1) (3.3 1.3) (3.3 8.5) (3.3 7.9) (6.8 1.3) (6.8 9.4) (6.8 4.1) (6.8 2.1) (6.8 3.3) (5.1 7.3) (5.1 7.9) (5.1 4.1)
24 74 int 90 67 92 40 44 36 48 55 17 80 87 25 27 23 16 14 98 94 10 71 70 33 77 73 (90 55) (90 87) (90 77) (67 44) (67 27) (67 33) (67 77) (92 44) (92 16) (92 33) (92 77) (40 94) (40 70) (40 33) (44 90) (44 16) (44 33) (36 55) (36 27) (36 98) (36 73) (48 44) (48 80) (48 27) (48 23) (17 67) (17 55) (17 94) (17 77) (80 44) (80 10) (87 44) (87 17) (87 80) (87 77) (25 92) (25 36) (25 27) (25 94) (25 10) (27 14) (23 90) (23 44) (23 80) (23 25) (23 77) (16 80) (16 23) (16 94) (14 55) (14 80) (14 87) (14 10) (98 55) (98 87) (98 14) (10 36) (10 55) (10 87) (10 27) (71 90) (71 67) (71 40) (71 36) (70 67) (70 44) (70 17) (70 33) (77 25) (77 94) (77 10) (73 14) (73 94) (73 70)
24 149 int 48 85 30 21 59 18 35 38 52 77 97 96 65 39 69 33 25 41 23 87 27 11 90 63 (48 38) (48 52) (48 39) (48 87) (48 11) (85 48) (85 30) (85 59) (85 52) (85 65) (85 41) (85 90) (30 48) (30 65) (30 39) (30 69) (30 87) (21 30) (21 59) (21 18) (21 38) (21 63) (59 48) (59 30) (59 18) (59 96) (59 39) (59 69) (59 25) (18 85) (18 35) (18 77) (18 97) (18 39) (18 33) (18 41) (18 63) (35 48) (35 30) (35 23) (35 90) (38 59) (38 18) (38 35) (38 77) (38 97) (38 96) (38 39) (38 41) (38 63) (52 30) (52 18) (52 38) (52 39) (52 69) (52 63) (77 48) (77 52) (77 97) (77 23) (97 52) (97 33) (97 25) (96 85) (96 35) (96 97) (96 39) (96 69) (96 27) (96 63) (65 59) (65 18) (65 35) (65 96) (65 69) (65 23) (39 35) (39 77) (39 33) (39 25) (39 23) (39 87) (69 48) (69 21) (69 18) (69 35) (69 38) (69 77) (69 23) (69 27) (69 63) (33 48) (33 35) (33 52) (33 69) (33 87) (25 48) (25 21) (25 18) (25 96) (25 11) (41 30) (41 59) (41 97) (41 39) (41 69) (41 23) (41 87) (41 90) (23 48) (23 85) (23 59) (23 18) (23 97) (87 85) (87 21) (87 18) (87 38) (87 96) (27 48) (27 85) (27 21) (27 59) (27 35) (27 97) (27 39) (27 23) (27 11) (27 63) (11 30) (11 35) (11 38) (11 77) (11 65) (11 69) (90 48) (90 30) (90 21) (90 52) (90 77) (90 97) (90 33) (90 25) (90 23) (90 87) (63 48) (63 35) (63 23) (63 11)
24 123 int 34 30 10 35 93 12 32 49 48 62 57 51 19 65 14 81 78 50 72 58 89 37 85 43 (34 89) (34 85) (30 93) (30 12) (30 48) (30 14) (30 81) (30 37) (10 19) (10 14) (35 10) (35 51) (35 19) (35 81) (35 58) (35 43) (93 34) (93 10) (93 12) (93 48) (93 65) (93 78) (93 58) (93 37) (12 10) (12 62) (12 51) (12 65) (12 50) (12 58) (32 30) (32 50) (32 37) (32 85) (49 30) (49 10) (49 50) (49 89) (49 37) (49 43) (48 34) (48 62) (48 57) (48 19) (48 65) (48 78) (62 93) (62 32) (62 78) (62 89) (57 35) (57 32) (57 49) (57 51) (57 50) (57 72) (51 48) (51 65) (51 14) (51 43) (19 34) (19 12) (19 32) (19 49) (19 81) (19 89) (65 34) (65 35) (65 32) (65 57) (14 34) (14 35) (14 48) (14 57) (14 78) (81 10) (81 65) (81 37) (81 43) (78 50) (78 72) (78 58) (78 85) (50 30) (50 93) (50 48) (50 62) (50 65) (50 14) (50 81) (50 58) (50 85) (72 93) (72 32) (72 49) (72 62) (72 14) (72 89) (58 30) (58 10) (58 32) (58 51) (58 65) (58 14) (58 81) (89 10) (89 12) (89 51) (89 14) (37 10) (37 51) (37 50) (37 43) (85 10) (85 12) (85 62) (85 57) (85 65) (85 14) (85 81) (85 37) (43 32) (43 72)
24 181 int 98 55 21 58 57 85 81 43 54 77 75 97 64 24 22 36 20 60 89 42 10 31 49 93 (98 43) (98 54) (98 77) (98 24) (98 22) (98 20) (98 89) (98 93) (55 85) (55 36) (55 89) (55 93) (21 58) (21 64) (21 60) (21 89) (21 31) (21 49) (21 93) (58 98) (58 55) (58 43) (58 77) (58 24) (58 22) (58 20) (58 60) (57 21) (57 58) (57 81) (57 54) (57 64) (57 36) (57 42) (57 10) (57 93) (85 98) (85 77) (85 75) (85 97) (85 24) (85 42) (85 10) (81 55) (81 21) (81 58) (81 85) (81 43) (81 77) (81 60) (81 89) (81 10) (81 49) (43 55) (43 21) (43 57) (43 54) (43 24) (43 22) (43 36) (43 31) (54 55) (54 21) (54 85) (54 77) (54 75) (54 64) (54 20) (54 31) (54 93) (77 55) (77 21) (77 43) (77 97) (77 36) (77 20) (77 60) (77 89) (77 49) (75 81) (75 43) (75 77) (75 97) (75 20) (75 60) (75 49) (75 93) (97 21) (97 58) (97 43) (97 64) (97 20) (97 89) (97 10) (64 85) (64 81) (64 43) (64 77) (64 20) (64 89) (64 42) (64 93) (24 21) (24 57) (24 54) (24 97) (24 22) (24 36) (24 42) (24 10) (24 93) (22 21) (22 57) (22 54) (22 77) (22 97) (22 60) (22 89) (22 10) (22 31) (36 98) (36 58) (36 85) (36 54) (36 97) (36 22) (36 60) (36 89) (36 10) (20 55) (20 57) (20 60) (20 10) (60 98) (60 55) (60 57) (60 43) (60 97) (60 24) (60 89) (60 49) (89 24) (89 42) (89 31) (89 49) (42 98) (42 55) (42 43) (42 97) (42 31) (42 49) (10 98) (10 58) (10 54) (10 75) (10 64) (10 60) (10 89) (10 42) (31 57) (31 85) (31 77) (31 97) (31 64) (31 24) (31 36) (31 20) (31 60) (31 93) (49 55) (49 57) (49 43) (49 54) (49 31) (93 58) (93 81) (93 22) (93 36) (93 60) (93 89) (93 42)
