7 3 3 7 10 11 11 15 0
9 6 10 13 16 20 20 20 24 27 15
12 4 7 9 9 13 13 16 18 20 23 27 29 22
12 9 9 12 15 18 21 21 24 28 29 29 33 9
16 4 8 9 9 13 16 19 19 23 23 25 26 29 32 35 36 25
17 9 9 10 11 13 16 19 21 21 24 25 29 30 34 35 39 40 11
18 8 12 16 19 19 20 20 21 22 23 23 24 26 26 29 29 32 34 25
25 7 8 9 10 13 17 20 22 24 25 26 27 29 32 35 35 35 39 39 41 41 42 45 46 49 13
27 2 3 7 9 13 15 15 17 17 17 19 20 22 25 27 29 30 30 31 35 39 41 45 45 46 46 47 4
29 1 1 1 5 7 10 10 13 14 15 18 21 22 22 24 25 29 29 31 32 34 35 37 41 44 46 47 49 52 3
31 1 5 8 12 12 14 16 18 18 22 25 28 28 32 32 36 40 41 45 48 51 51 53 53 53 57 60 63 64 64 64 33
34 2 5 6 9 11 13 16 17 18 19 23 27 29 29 31 34 35 38 42 44 44 47 49 51 53 53 55 56 58 60 64 67 70 70 21
35 4 7 9 11 15 17 19 23 26 26 26 29 33 34 34 38 38 41 42 46 47 51 52 53 53 56 58 59 62 62 64 68 72 76 77 47
36 0 3 4 4 8 11 13 17 18 20 24 24 26 29 29 33 33 36 36 39 42 43 46 47 51 53 57 59 61 62 62 62 63 67 67 68 41
38 9 12 14 14 15 18 22 24 27 29 32 32 32 35 37 38 40 41 44 46 46 50 54 58 58 58 61 61 61 65 67 68 69 69 69 72 73 76 24
43 8 10 11 12 15 18 21 21 21 23 25 25 28 32 32 36 40 40 42 44 47 47 49 50 51 53 54 58 59 62 64 65 65 67 69 72 75 78 80 80 81 82 84 78
44 0 4 6 7 8 9 12 15 18 18 21 21 21 21 24 28 30 34 38 41 44 44 48 48 52 56 60 60 63 66 66 66 66 70 74 77 81 84 87 88 88 90 91 92 66
46 4 6 8 12 16 17 18 18 18 22 26 27 30 31 33 35 37 40 44 47 51 54 56 56 57 59 61 63 64 65 65 67 67 68 72 74 75 77 80 80 81 83 84 85 87 88 9
47 4 5 7 9 12 15 19 23 26 27 28 30 33 33 36 36 38 39 42 43 44 44 47 50 54 55 58 61 64 65 69 71 74 75 75 79 83 83 86 87 89 91 94 98 99 103 107 82
52 9 12 14 14 14 14 15 19 22 24 25 29 29 32 36 38 38 38 41 44 48 49 53 54 56 58 61 61 64 64 64 68 72 73 76 78 78 82 84 85 87 88 89 89 91 94 96 97 99 102 102 104 89
56 9 10 10 10 12 14 14 18 21 24 24 28 30 32 34 35 35 36 39 41 45 49 53 53 56 58 60 61 61 63 63 67 67 71 74 77 78 79 83 85 86 89 93 97 101 103 107 108 108 112 112 116 116 116 120 124 113
60 4 4 8 10 13 16 18 19 23 26 28 32 32 33 34 37 41 42 42 46 50 54 57 59 63 64 67 71 74 74 76 79 83 85 85 89 90 93 97 99 99 103 106 110 110 113 117 117 120 122 123 125 128 132 133 133 135 138 139 140 60
61 0 1 4 6 8 12 12 14 14 15 15 18 18 19 21 25 26 28 29 31 34 34 36 37 39 41 43 43 43 46 48 48 48 50 54 57 59 61 61 62 63 66 70 72 76 76 78 82 82 86 90 92 92 96 97 97 101 101 105 109 113 35
61 7 9 12 16 17 18 20 24 28 30 32 34 38 40 40 41 44 46 50 52 55 56 57 57 59 62 63 65 65 69 72 75 75 77 78 82 82 83 83 86 88 88 88 89 89 92 92 93 96 96 99 99 100 104 105 108 108 109 113 117 117 17
64 8 9 9 11 13 16 20 24 28 29 32 33 37 41 45 46 46 46 48 49 52 52 56 56 59 60 63 66 67 67 71 73 73 76 80 80 83 84 85 86 88 90 93 93 93 96 100 104 106 106 108 110 110 113 114 118 118 122 125 126 126 126 128 129 61
67 9 13 15 16 18 19 20 22 23 26 28 30 33 37 38 40 44 44 46 47 48 50 50 54 54 57 61 64 68 70 71 71 74 75 76 77 81 82 84 85 86 87 89 89 90 92 94 94 95 95 98 99 103 106 109 113 115 115 119 121 121 124 125 125 125 128 132 77
68 0 4 7 11 11 12 13 16 18 20 21 25 28 30 32 33 36 40 40 40 41 41 45 47 51 55 56 58 58 60 60 63 67 69 73 74 78 78 78 78 80 82 84 84 85 86 89 93 93 93 95 96 99 99 103 106 106 109 110 114 114 116 120 122 126 127 131 133 77
68 8 11 14 18 22 24 25 25 27 31 32 35 36 38 42 45 49 52 55 56 60 64 65 66 70 71 75 75 76 77 79 82 84 86 87 89 91 94 95 95 95 96 98 101 103 104 107 108 108 109 113 113 115 115 117 118 120 124 128 132 133 136 140 144 148 150 152 155 44
70 4 7 11 15 15 18 20 24 26 26 27 30 34 35 39 40 43 47 51 53 57 57 61 65 69 72 74 78 82 82 84 85 89 92 94 97 98 100 100 103 105 107 108 109 109 113 113 117 120 121 123 127 130 131 135 137 138 142 144 146 146 149 153 154 155 159 163 166 166 169 165
74 1 1 3 7 8 12 12 16 18 19 20 23 24 27 31 31 35 35 39 41 45 46 47 49 49 53 54 55 58 59 60 64 67 68 70 72 74 78 82 85 85 87 89 89 91 95 95 99 99 99 100 104 104 106 108 109 110 110 113 114 114 115 117 117 121 123 123 123 125 128 131 135 136 140 127
76 2 3 7 8 8 8 11 11 12 15 19 22 25 26 28 31 31 32 35 37 41 44 45 49 49 49 49 52 55 56 56 56 58 59 61 65 66 66 68 70 73 74 78 82 82 83 86 86 86 88 88 89 89 93 95 96 98 98 98 99 101 101 101 102 106 106 108 110 111 113 113 116 116 117 119 122 117
81 9 10 11 14 18 22 24 24 26 28 31 31 32 32 32 34 35 36 37 39 42 46 48 52 54 56 60 61 65 68 72 75 78 81 83 87 87 87 88 92 95 99 99 99 103 103 104 106 108 109 112 112 115 116 118 118 121 125 127 129 132 136 137 137 138 140 144 148 148 149 149 151 155 155 156 157 157 157 159 160 164 36
86 9 13 17 20 23 25 25 29 31 31 35 37 38 39 39 43 46 50 53 57 60 64 68 70 70 71 75 79 81 83 83 87 87 91 94 97 98 99 99 101 105 109 112 115 115 116 117 118 118 120 120 122 123 124 126 129 131 131 131 132 136 137 140 144 144 147 148 148 151 151 154 156 159 161 162 166 168 169 169 172 172 176 178 180 182 182 181
88 8 12 16 20 20 22 23 23 26 29 33 36 36 39 41 45 45 47 48 48 49 50 53 53 55 59 62 63 65 67 67 68 69 71 74 78 80 80 82 83 83 85 88 88 92 95 98 99 101 103 105 105 106 108 112 115 115 119 122 124 126 127 129 130 132 136 136 139 143 144 148 148 151 152 155 158 159 163 164 167 167 169 169 172 175 178 179 183 131
88 0 3 3 3 7 7 10 10 11 11 14 16 18 21 25 25 29 33 35 37 41 43 45 47 48 52 53 56 60 62 65 69 72 75 79 83 85 87 89 90 93 97 100 101 101 105 106 106 110 111 111 114 118 120 123 125 127 130 132 136 140 143 143 143 144 147 151 151 151 154 154 156 156 156 159 163 167 170 173 173 174 176 180 180 182 182 185 185 30
89 2 4 8 9 12 16 18 22 23 24 25 25 28 31 32 35 36 39 43 44 46 47 47 51 51 52 52 53 54 57 61 63 67 67 67 68 71 75 77 79 83 84 86 89 92 93 94 95 97 101 101 103 103 107 107 107 108 110 112 114 116 119 123 127 128 129 130 131 135 137 140 141 144 144 146 147 148 149 150 150 152 155 158 158 161 161 163 167 171 58
92 2 6 8 8 11 13 14 18 19 23 23 26 27 27 29 30 30 31 34 37 38 41 45 49 52 52 54 58 62 63 66 69 73 74 76 76 76 79 79 80 81 85 88 92 96 99 103 105 106 108 108 111 113 116 119 121 125 126 129 131 133 134 137 140 143 143 146 150 154 155 155 155 158 160 163 164 168 168 168 170 173 173 174 174 178 181 182 184 188 188 191 192 131
93 8 10 13 17 18 18 19 22 26 30 33 35 38 40 40 44 44 47 48 48 50 53 57 60 61 65 69 73 74 78 78 79 82 86 90 94 98 102 103 103 103 104 108 108 110 110 110 111 115 118 119 123 123 124 125 128 130 131 132 133 137 141 145 148 150 153 157 160 160 161 162 163 166 170 173 176 176 177 180 183 187 190 194 198 198 199 201 201 203 204 208 211 214 129
93 9 9 13 17 19 21 23 25 26 28 29 29 33 33 35 37 41 43 46 46 49 51 51 54 57 59 61 63 67 68 72 72 74 76 80 80 81 84 87 91 91 93 94 98 98 98 100 100 101 101 105 108 108 112 116 119 120 122 124 124 125 129 133 136 139 140 140 142 146 146 150 151 155 156 158 161 162 163 163 165 165 167 167 167 167 171 175 178 179 183 183 185 186 14
95 6 6 6 6 6 8 8 12 14 16 20 22 25 26 27 31 33 37 41 43 45 49 50 50 52 52 56 57 61 63 66 67 70 74 75 77 81 84 84 84 84 84 84 86 86 88 89 91 91 95 98 100 104 108 111 113 116 116 118 121 122 125 126 127 129 129 129 129 133 134 135 139 142 143 143 144 146 148 148 150 152 154 154 158 158 159 160 163 164 165 168 170 174 176 178 120
100 2 4 6 8 9 13 16 18 20 23 23 25 27 27 30 34 34 36 39 40 42 45 48 48 51 52 53 53 56 56 60 61 62 66 68 68 68 71 73 76 78 82 85 89 92 93 94 95 97 100 100 102 105 106 110 114 117 119 122 125 127 130 134 134 135 139 140 144 148 151 153 154 157 159 159 160 160 164 165 165 165 165 168 170 172 172 175 176 178 182 184 185 186 188 192 193 197 199 199 201 111
105 4 4 4 4 8 11 13 15 17 19 19 22 25 29 31 34 37 39 43 47 48 48 48 52 54 54 57 58 62 66 66 70 70 74 77 79 81 84 85 89 93 96 99 99 101 105 107 108 112 113 115 116 119 123 124 126 130 132 135 135 138 141 143 147 148 149 152 153 157 159 159 162 164 166 169 172 174 174 176 177 180 182 183 186 187 190 190 192 195 199 199 199 201 204 206 206 210 212 215 218 221 221 221 224 224 112
107 8 12 14 17 21 21 25 27 27 29 30 30 33 34 35 38 40 44 45 46 50 52 52 53 54 55 57 57 61 62 66 67 71 74 78 82 82 82 82 85 89 93 97 97 100 101 104 106 109 110 112 113 115 119 120 123 124 125 128 128 132 132 134 134 138 142 142 144 147 151 152 153 156 156 159 160 162 165 169 169 170 172 172 175 178 182 185 188 189 193 197 198 202 204 207 210 210 210 212 215 216 219 220 224 225 225 229 33
107 0 3 6 9 9 11 14 18 18 19 21 22 24 27 28 30 30 30 32 33 33 35 36 38 42 44 45 49 53 55 55 58 62 63 66 69 73 75 75 77 80 84 86 89 89 89 92 94 95 98 100 104 105 108 109 112 116 117 118 122 125 126 129 133 133 136 139 142 145 146 148 151 151 153 156 159 163 167 167 171 173 174 178 180 184 188 191 192 196 196 198 200 202 203 204 205 208 210 213 213 213 216 216 220 221 223 225 142
108 9 12 12 13 15 15 18 19 21 23 26 27 28 31 32 34 34 34 35 35 39 40 43 47 50 52 54 56 59 63 66 67 67 67 71 71 73 77 81 82 82 83 86 86 90 90 91 91 94 97 100 104 105 106 108 108 112 115 117 121 125 126 130 132 134 138 141 143 143 143 145 148 152 156 156 156 160 164 168 170 173 174 174 175 177 179 181 183 183 186 186 190 190 190 194 194 198 202 204 205 205 205 208 209 209 209 212 215 149
108 5 8 10 14 14 15 17 18 19 22 22 22 26 28 30 30 32 33 34 38 38 38 39 43 45 46 50 54 55 57 59 62 64 66 66 70 71 73 77 81 84 86 86 86 90 90 90 93 94 96 98 98 102 105 108 111 113 113 116 116 117 120 121 125 129 133 133 136 136 137 141 145 148 148 151 153 154 158 161 163 166 166 170 171 173 177 177 181 183 183 186 189 190 190 191 193 193 195 198 201 202 203 205 207 207 208 209 212 43
109 5 5 6 8 10 13 16 20 22 25 28 32 32 34 36 38 41 45 45 46 49 53 54 54 57 60 61 62 66 70 70 70 70 71 72 72 75 76 79 82 86 86 89 91 94 95 97 98 101 103 105 109 111 111 114 114 116 120 121 125 128 130 130 132 134 134 136 138 142 145 146 148 151 152 154 156 159 161 161 165 167 170 173 175 175 176 180 181 185 185 185 185 189 191 191 192 194 195 198 199 203 205 205 209 213 214 214 216 217 71
114 6 6 7 9 9 10 10 12 16 20 24 24 28 30 32 32 36 38 39 41 42 46 46 47 48 50 50 50 54 56 56 59 60 60 60 61 61 64 65 69 72 72 74 78 79 82 84 88 88 92 95 97 100 103 105 106 110 113 113 113 117 118 120 121 123 127 127 128 131 132 135 136 137 139 139 141 144 146 149 152 155 157 157 158 161 165 167 167 167 170 172 176 177 181 181 181 183 183 184 185 189 191 194 197 199 201 201 204 205 208 208 208 212 215 139
121 7 10 12 15 15 16 18 21 25 25 28 29 30 33 34 34 36 36 38 41 43 44 48 52 54 55 55 56 57 58 59 59 59 60 62 63 66 66 70 74 75 75 79 83 87 88 92 94 95 98 98 99 103 107 110 110 110 110 110 114 118 118 119 122 125 125 127 127 127 130 132 132 132 134 136 140 142 145 149 150 153 154 155 156 160 162 165 168 169 170 172 173 175 175 177 177 180 183 183 187 189 191 191 195 199 202 203 203 204 207 209 209 209 209 209 210 212 214 215 215 218 157
122 0 3 3 5 5 7 9 11 12 12 16 18 19 22 22 22 22 24 28 29 31 32 36 37 37 38 38 38 42 43 47 48 49 51 52 54 58 62 64 64 66 67 69 69 71 72 75 76 79 80 80 81 84 88 90 93 97 99 102 104 106 109 109 113 113 114 117 117 118 122 126 128 132 136 138 141 141 145 146 148 149 150 154 154 158 158 162 164 165 165 169 172 174 176 180 183 184 184 188 189 192 193 197 200 200 202 206 206 206 208 209 212 215 216 216 216 216 220 224 225 228 230 35
123 1 3 5 5 9 10 13 14 14 17 18 18 21 24 24 28 31 35 35 35 38 39 41 42 43 45 48 49 49 51 52 54 56 56 56 59 59 59 59 59 63 66 66 67 70 74 77 77 78 82 82 83 85 88 89 92 93 93 96 99 102 104 104 105 106 109 112 113 115 118 118 120 124 125 128 128 132 133 136 140 143 145 147 150 151 155 155 155 157 160 161 164 165 169 173 174 177 179 180 180 183 187 189 189 192 195 199 201 205 206 206 210 212 213 215 215 218 219 221 222 224 227 227 83
125 4 4 8 12 14 18 20 23 24 27 28 31 35 39 39 42 45 48 51 51 52 55 58 61 64 66 69 71 71 74 75 79 81 83 87 89 91 92 94 94 97 101 104 106 107 108 110 111 112 114 115 118 118 121 123 124 127 131 132 132 133 137 140 140 144 144 148 152 153 155 155 159 163 163 163 167 170 173 176 176 178 178 181 185 187 189 190 190 190 194 195 197 201 205 207 208 209 212 214 215 219 222 222 223 223 227 230 233 233 233 235 236 237 240 241 243 245 246 248 250 250 251 252 254 257 196
126 2 4 4 5 9 11 12 12 12 14 16 16 20 24 25 25 25 26 29 32 36 40 43 47 48 52 53 54 58 58 60 62 64 68 71 71 74 77 80 83 87 91 93 96 99 101 102 104 108 111 114 117 119 123 123 124 124 127 129 133 135 138 139 140 141 141 144 148 152 155 157 159 162 163 163 164 164 164 168 168 170 174 177 177 177 179 181 184 187 190 192 193 193 195 199 201 205 209 211 211 212 214 218 219 221 223 226 230 230 231 235 239 240 242 244 245 248 248 249 249 252 254 254 258 262 263 144
126 8 10 11 13 17 19 22 24 27 31 32 33 37 37 37 40 41 41 41 44 46 47 51 52 55 55 58 60 62 64 68 70 72 74 74 76 76 76 78 80 81 84 88 91 94 94 96 98 101 105 109 110 113 117 121 122 126 127 129 129 130 134 135 139 141 142 146 146 147 151 155 157 161 161 163 163 165 167 169 170 173 173 176 180 181 181 183 187 189 189 190 193 197 197 200 204 207 209 209 213 213 214 216 220 220 224 228 229 230 233 237 241 245 249 251 252 255 258 262 265 269 273 273 276 280 282 74
127 5 6 6 8 12 13 15 16 18 18 22 26 29 29 33 34 38 38 39 41 41 42 46 50 50 51 55 59 61 65 68 72 76 79 82 82 84 84 85 88 92 92 93 94 96 96 97 99 103 103 107 110 113 114 114 117 118 120 124 127 131 135 137 141 143 145 149 152 155 157 161 164 166 167 167 167 168 171 173 176 178 180 183 184 186 189 189 192 192 192 192 194 198 202 206 207 207 210 210 213 214 214 216 216 217 221 223 227 228 232 236 238 239 241 245 247 250 253 257 259 262 265 267 268 269 272 272 47
128 0 1 1 4 6 10 13 14 15 17 18 21 24 28 32 36 36 36 36 40 42 42 44 45 48 48 49 51 52 55 57 58 60 60 63 66 70 73 73 74 78 79 82 82 82 85 86 87 88 88 91 94 96 97 99 102 105 109 109 109 112 114 116 120 122 123 124 127 130 132 135 135 135 135 135 137 138 142 142 143 143 143 146 149 151 153 153 157 158 159 163 163 165 165 166 170 171 174 176 180 184 188 188 189 193 197 200 200 200 203 203 203 206 208 212 212 215 217 221 224 226 228 230 232 236 240 242 246 0
130 0 1 1 3 7 7 11 12 13 14 16 18 19 19 23 23 27 29 33 33 33 36 39 43 44 47 48 52 53 56 59 60 62 66 66 68 68 71 72 74 75 78 80 80 81 84 85 85 87 90 91 94 96 96 97 101 104 106 107 107 107 110 110 112 112 113 116 117 119 120 123 125 128 131 135 136 140 141 141 142 143 145 149 152 152 152 152 152 153 155 155 156 160 161 164 165 169 170 174 174 174 177 180 180 184 186 189 193 197 199 199 203 204 207 208 212 213 217 218 221 221 224 228 231 234 236 238 240 244 247 48
137 6 6 7 10 10 10 10 12 12 13 16 19 23 26 29 33 36 39 41 44 44 45 45 45 48 49 50 53 56 57 61 63 66 69 72 74 76 76 78 80 82 85 89 89 90 90 93 94 98 101 102 103 104 108 108 110 110 112 115 119 121 124 127 130 132 133 134 137 138 139 141 141 144 148 152 152 152 154 157 159 161 163 164 165 168 172 174 174 175 177 181 185 188 192 196 198 200 203 203 207 209 211 211 211 213 216 220 222 222 225 229 231 231 231 235 239 243 245 247 251 255 257 260 260 262 262 263 263 265 267 268 271 275 278 280 284 287 39
138 8 11 15 19 21 24 24 24 28 29 30 31 32 35 36 40 41 42 46 48 48 48 48 51 51 52 56 59 59 61 64 68 72 76 76 80 82 83 83 87 90 94 96 98 101 102 105 109 113 115 118 121 125 125 126 129 132 134 138 139 141 144 144 146 150 153 157 159 161 161 163 164 164 168 171 175 175 176 179 180 180 183 187 191 194 195 195 195 198 202 203 207 207 208 210 212 213 216 219 219 222 225 229 232 232 236 240 242 245 247 247 248 252 254 256 259 262 265 268 271 273 273 276 280 280 281 281 283 287 290 294 298 298 302 306 307 309 313 10
139 7 10 10 11 14 17 17 20 24 28 31 32 35 36 37 38 40 43 47 47 50 52 53 55 58 60 63 63 63 63 66 67 69 70 71 73 73 73 73 75 75 77 80 83 84 85 89 93 94 96 98 98 99 103 106 107 111 111 111 115 119 121 121 121 122 123 125 128 129 131 133 135 137 138 138 139 141 141 141 141 141 141 142 145 147 151 154 157 161 161 161 162 166 170 170 170 174 175 178 181 182 183 183 186 189 192 194 198 198 198 198 199 201 205 208 209 212 213 213 214 216 217 219 221 224 227 229 231 234 235 238 242 244 245 247 248 251 254 255 221
139 0 2 6 6 7 7 7 11 14 17 19 20 24 28 32 34 34 36 37 38 40 40 41 41 44 46 47 50 54 57 61 62 65 69 70 74 77 79 80 81 83 86 86 90 90 90 94 96 100 100 102 104 107 107 109 109 112 116 117 117 119 119 121 123 127 129 130 130 134 138 139 142 145 147 149 150 151 151 151 152 154 156 156 157 159 162 162 166 169 170 171 171 172 176 180 181 181 185 185 187 189 192 195 199 201 205 209 210 212 213 215 215 215 218 218 220 220 221 222 223 225 227 227 230 234 236 236 238 238 238 241 241 244 247 249 252 254 257 260 45
140 5 6 8 10 10 14 16 16 19 21 25 27 30 30 34 36 40 43 47 48 50 50 53 56 60 63 67 71 72 76 78 80 80 81 82 85 88 90 93 94 98 99 101 105 109 111 113 115 116 116 117 121 125 127 130 133 135 138 140 144 145 145 146 147 147 147 151 152 154 155 159 163 164 168 170 173 173 174 178 181 182 185 188 190 190 191 192 196 197 198 202 203 204 207 210 213 214 215 215 215 215 215 219 219 220 224 226 229 233 234 235 236 238 240 240 243 244 247 248 250 254 255 258 261 263 266 270 272 276 279 281 284 284 284 288 289 290 292 292 295 261
141 1 4 6 9 9 13 13 15 18 21 25 26 26 30 34 35 39 41 43 44 48 52 52 54 58 62 65 69 72 74 76 80 84 85 87 88 90 92 95 96 100 102 105 106 110 112 115 118 120 122 122 124 125 125 128 128 128 129 132 135 135 139 143 146 150 151 154 157 160 163 163 165 165 166 167 168 170 174 176 178 180 184 184 184 188 190 194 194 197 199 200 200 201 203 206 208 209 213 217 218 218 220 220 223 225 228 231 232 233 237 238 242 245 245 249 252 252 253 256 259 259 259 259 262 265 266 270 271 274 277 277 277 279 283 286 289 290 294 294 298 301 25
142 3 4 6 7 11 14 18 21 25 29 30 32 36 37 40 40 40 40 42 44 46 46 46 47 49 53 57 59 60 64 64 68 70 73 75 75 76 77 81 82 84 86 86 87 90 91 94 96 98 102 106 110 111 114 118 122 125 127 130 134 137 138 138 139 141 144 148 151 155 155 159 162 162 164 164 165 165 169 173 175 177 179 180 183 185 185 189 193 197 198 199 201 203 204 208 208 211 213 214 218 218 220 223 226 226 230 230 233 237 240 241 244 244 246 247 249 249 250 253 254 257 258 262 265 269 272 275 278 278 278 279 282 286 289 290 292 295 296 298 299 300 304 1
144 7 7 9 12 14 18 19 19 23 24 28 30 31 33 36 36 38 42 42 44 44 48 51 54 57 59 63 63 64 68 71 72 74 77 78 78 78 80 83 87 87 88 92 96 97 101 105 109 112 112 112 115 118 120 123 127 131 132 134 136 138 139 140 144 144 144 147 149 151 152 152 154 156 158 161 163 165 168 172 173 176 178 180 180 184 187 187 189 190 190 193 197 199 202 204 206 208 208 211 212 212 212 213 214 214 215 216 220 221 224 225 225 227 229 230 232 235 237 241 241 243 243 247 247 251 254 255 255 256 258 259 261 265 269 271 271 272 272 273 276 276 277 277 277 0
145 6 6 8 8 9 13 15 18 19 22 22 25 27 31 33 33 36 38 38 40 42 45 47 50 51 53 53 56 58 60 64 68 71 73 73 77 79 81 83 85 87 91 95 96 97 100 104 106 109 110 114 115 115 117 118 120 122 124 128 128 130 134 137 139 141 141 142 146 149 149 149 151 153 155 158 162 165 168 169 169 170 174 176 179 180 183 187 187 190 192 193 196 196 196 199 199 202 202 206 206 206 207 208 211 213 217 221 222 225 227 229 230 234 237 241 244 248 252 256 257 259 260 261 264 268 271 275 275 275 275 275 278 280 281 283 287 290 291 291 293 294 296 300 303 303 225
146 8 9 12 16 17 19 19 19 20 23 24 25 28 32 36 39 41 41 45 49 50 51 54 55 57 57 60 64 68 71 73 77 77 81 81 85 85 86 86 88 88 89 92 96 100 101 101 105 108 111 112 114 114 115 118 122 125 128 130 134 135 136 140 141 144 145 148 149 153 157 161 162 165 165 168 172 176 177 179 181 185 189 190 192 193 196 198 201 203 206 206 210 213 215 219 220 224 225 229 230 233 233 236 236 239 241 243 244 244 245 246 246 248 250 252 252 252 253 255 259 260 264 266 267 271 273 274 274 278 282 286 288 288 292 294 298 300 304 306 310 310 313 315 316 318 319 272
147 2 2 6 9 12 16 18 19 23 26 30 32 34 35 39 41 45 46 47 51 55 55 56 56 57 57 61 61 63 67 70 73 74 74 74 77 81 82 82 85 89 92 93 97 101 102 102 103 104 106 108 110 111 115 116 116 116 117 118 121 121 124 128 129 129 131 131 131 133 134 138 140 141 145 146 150 151 152 155 158 160 162 164 166 166 167 171 173 173 173 174 175 176 178 182 185 187 191 195 197 200 201 205 209 213 213 216 216 219 223 225 229 229 231 235 236 236 239 240 240 244 245 249 253 253 256 259 263 265 266 268 271 274 275 276 279 282 286 289 293 297 298 298 301 305 306 308 293
148 2 2 5 7 9 12 13 14 18 20 23 26 27 27 28 31 32 33 33 37 39 39 39 43 43 45 49 51 55 56 60 64 68 69 69 69 73 77 80 81 83 84 88 91 93 93 94 95 96 99 103 103 104 106 108 108 108 111 111 114 115 118 120 123 124 125 129 132 136 139 139 143 147 148 149 152 152 156 159 160 161 165 165 165 167 170 170 172 174 177 181 183 187 188 190 192 194 197 197 198 201 205 206 210 212 212 216 216 220 220 224 228 232 234 234 235 238 242 243 245 245 245 246 246 250 253 254 255 259 262 262 262 264 264 266 266 267 268 272 274 274 276 280 280 280 284 286 288 229
148 2 6 6 10 14 15 17 21 25 26 30 33 36 39 39 39 43 46 48 52 52 54 54 55 57 61 61 65 65 65 68 68 70 72 74 74 74 78 79 82 86 90 90 92 96 99 101 102 103 106 106 106 109 112 116 120 122 125 128 131 133 137 141 144 147 150 151 155 157 158 162 162 163 165 165 165 166 167 169 170 173 176 178 180 182 186 186 186 186 189 191 191 193 196 200 201 201 202 202 204 207 210 211 214 216 220 224 224 226 230 233 233 233 235 239 241 243 247 250 251 252 252 252 253 256 259 263 267 271 273 276 280 280 282 282 284 284 288 289 290 291 291 291 293 297 299 301 305 233
150 7 7 7 11 13 16 20 23 25 28 31 32 33 33 34 36 39 41 44 44 45 48 50 53 57 58 61 61 61 63 64 68 72 74 77 77 81 82 86 87 87 88 88 89 91 91 94 95 95 95 98 99 101 101 102 105 109 110 110 113 115 115 119 123 123 123 127 129 130 132 134 138 139 140 140 143 145 146 148 149 150 151 155 159 163 165 166 166 167 169 172 174 176 179 179 180 180 184 188 189 190 190 194 195 198 198 199 202 203 204 208 212 215 216 216 220 220 224 228 232 234 237 237 241 241 243 246 248 249 251 255 258 260 260 260 262 262 262 263 267 271 275 277 278 280 281 284 286 290 290 246
150 6 6 6 7 9 9 12 16 17 18 22 26 28 28 31 31 34 34 38 38 40 41 44 44 45 47 50 50 51 51 55 58 59 61 63 63 63 67 69 72 73 77 81 82 84 88 88 90 92 93 97 97 97 98 101 104 105 109 112 113 117 117 117 117 120 120 122 126 129 130 132 133 133 136 139 139 143 147 147 149 151 155 159 161 164 164 165 168 170 172 176 180 181 185 189 189 190 193 193 196 198 200 202 203 207 207 210 214 214 215 217 219 220 224 225 227 231 235 236 238 241 242 242 244 248 249 251 252 253 253 254 258 259 261 262 264 267 269 273 275 276 277 278 281 284 288 292 295 296 297 127
154 5 9 12 15 18 19 23 25 27 31 33 34 37 40 43 47 47 48 51 53 53 55 56 59 63 64 64 64 67 67 69 70 73 73 76 78 80 80 80 80 83 83 87 87 88 92 95 95 98 98 98 102 106 110 114 114 115 119 122 122 126 130 134 137 138 140 143 146 147 151 155 158 161 165 165 168 168 172 173 174 178 179 182 185 186 188 191 194 194 198 198 198 198 201 204 206 208 209 212 213 217 217 220 222 223 227 231 233 236 240 241 244 246 248 251 254 257 260 261 265 265 266 268 270 270 270 273 276 278 281 284 286 286 289 292 293 296 299 301 305 309 312 313 314 315 319 319 322 323 327 329 331 333 335 111
161 9 10 12 16 19 23 23 27 30 30 31 32 32 33 37 37 39 39 43 43 47 49 51 54 57 60 60 61 65 69 69 69 71 75 75 79 80 81 85 86 88 90 93 96 98 102 102 104 107 109 111 115 117 121 121 125 127 130 132 133 133 134 134 137 140 140 144 146 148 148 151 153 154 157 161 162 164 168 171 173 174 175 178 182 183 187 190 193 193 194 194 197 200 200 200 200 201 204 207 209 209 213 217 219 220 224 226 228 228 232 234 235 236 240 240 243 247 248 250 252 253 254 257 258 258 262 265 265 266 270 273 273 274 277 277 281 282 283 285 286 290 291 291 293 297 301 305 307 307 307 307 307 311 312 315 316 318 318 322 325 326 49
162 4 6 10 14 14 14 17 17 19 20 21 23 24 26 28 29 30 33 34 36 39 40 44 47 50 54 56 60 60 62 63 64 66 68 70 71 72 72 76 77 78 78 79 80 82 83 83 87 88 90 94 95 97 97 99 103 105 109 113 115 116 120 121 125 125 125 129 130 132 136 139 141 144 148 150 150 150 154 154 158 159 160 164 164 165 168 168 172 174 175 175 178 182 183 187 188 190 194 194 198 198 198 201 203 206 206 210 214 216 219 223 224 225 227 228 228 230 234 234 236 240 242 242 246 249 253 254 257 257 260 261 262 266 270 274 277 281 281 284 286 290 292 294 298 300 303 304 305 307 307 308 310 313 313 317 321 323 327 328 329 331 332 190
164 2 4 5 7 11 14 14 15 19 22 26 29 31 32 34 36 38 41 45 45 46 47 49 52 55 55 55 58 61 62 63 63 67 69 71 74 74 75 77 77 78 82 84 84 86 87 88 89 92 94 94 95 97 97 99 100 103 107 110 110 114 114 114 116 118 121 122 122 124 126 130 134 134 136 136 137 141 144 144 147 148 149 150 150 153 156 157 158 158 162 162 164 165 167 170 171 174 177 180 183 184 184 188 190 192 193 194 195 197 198 199 203 203 207 210 213 213 215 218 219 221 222 222 222 225 227 229 230 230 234 236 236 237 238 241 241 245 245 248 252 252 256 256 260 261 264 265 268 268 271 271 274 276 277 277 277 277 277 280 283 287 287 287 288 95
165 6 8 12 15 15 18 21 23 26 29 29 32 32 36 40 43 46 49 53 53 54 54 56 59 60 62 64 68 70 73 74 76 77 81 83 83 83 86 87 91 95 95 96 99 103 103 104 108 111 111 112 116 117 118 121 122 123 125 125 125 126 130 131 133 136 138 141 141 141 141 145 149 153 156 160 164 168 169 173 174 174 178 181 183 185 186 190 190 191 191 191 194 197 198 198 199 202 203 207 207 210 211 214 214 215 217 221 222 224 228 232 234 237 240 241 241 243 245 249 250 254 258 259 263 265 268 268 269 270 274 274 275 275 277 280 283 283 285 288 290 293 293 296 297 297 301 305 308 310 314 318 322 325 328 332 333 334 336 339 339 340 341 341 342 346 16
169 7 11 14 17 20 20 22 23 23 27 29 33 37 38 42 45 48 49 49 52 53 54 55 58 61 62 66 69 70 71 71 73 76 76 77 79 81 81 85 87 89 93 93 93 96 98 99 102 106 109 110 113 113 114 114 117 120 123 123 123 127 130 131 133 133 134 135 139 139 142 144 147 147 150 152 155 157 161 162 165 166 167 168 171 171 171 175 179 179 183 185 186 187 188 192 194 195 196 198 202 203 207 208 208 209 211 212 213 213 213 216 220 222 223 227 230 232 236 239 242 245 247 250 254 257 257 257 258 260 260 261 262 266 266 268 272 274 277 281 282 284 285 287 288 288 289 293 294 297 298 300 302 303 303 307 310 313 317 320 321 322 322 326 330 330 334 337 339 341 337
170 4 5 8 8 12 13 17 20 24 27 30 32 33 34 37 38 38 38 42 46 50 54 54 56 60 60 64 67 68 70 71 71 72 76 80 83 85 88 90 90 90 94 95 97 99 101 101 102 106 109 112 116 119 121 121 121 121 125 125 129 129 131 133 135 139 140 140 144 148 148 152 152 153 157 161 161 161 161 164 168 172 173 173 176 176 176 180 181 185 185 187 187 189 189 191 193 195 197 197 198 200 204 204 206 209 212 215 218 219 220 222 223 226 228 231 235 237 237 238 239 243 243 245 246 249 249 253 257 258 258 261 264 265 268 270 273 277 281 285 287 290 291 295 295 295 295 298 301 302 302 305 308 311 311 311 313 313 316 317 321 322 324 328 328 328 331 333 334 338 341 6
172 2 2 4 5 7 10 12 15 17 17 17 17 21 22 25 29 31 33 34 38 38 42 43 43 45 46 47 49 53 57 58 61 65 68 71 71 72 74 78 80 82 84 88 91 92 96 99 99 99 103 106 109 111 115 118 119 121 123 123 125 125 128 129 129 129 133 134 135 137 140 143 146 147 151 153 155 156 156 158 161 164 164 165 166 170 172 175 177 180 184 184 186 190 190 192 194 196 196 197 199 202 202 204 206 207 208 209 213 213 217 221 222 223 226 229 230 234 238 242 245 245 248 251 252 254 258 258 260 262 264 266 266 268 272 273 275 278 280 283 287 287 290 294 298 301 302 306 306 308 312 316 319 323 324 324 328 330 333 333 335 337 341 344 345 348 351 351 354 354 355 355 355 1
172 9 12 12 15 19 23 27 31 35 37 40 42 46 48 48 49 52 56 60 60 60 64 66 66 70 70 74 77 79 82 86 88 90 92 94 94 97 101 102 106 107 110 113 114 118 122 125 125 126 130 131 133 137 140 143 146 147 148 152 152 156 158 161 161 165 167 171 171 174 177 180 180 183 185 185 188 190 190 193 196 199 199 203 204 206 210 214 218 218 220 224 227 231 234 237 238 238 238 239 240 244 245 247 247 251 254 256 259 262 263 265 269 271 271 273 273 276 278 281 284 288 289 289 290 290 290 290 292 294 298 301 301 303 306 307 307 308 311 314 316 319 322 323 326 329 330 333 337 341 343 343 344 348 352 353 353 355 359 360 361 363 363 366 367 368 369 370 370 370 372 372 375 202
172 9 10 11 14 18 21 23 23 25 27 30 30 30 34 34 37 41 45 46 48 50 54 58 61 65 67 68 68 69 71 72 74 78 82 82 83 83 83 83 85 85 86 87 89 89 91 95 95 95 95 96 100 103 107 109 110 114 114 115 118 118 119 123 123 125 127 129 132 135 135 135 139 141 145 149 153 153 156 160 164 166 168 170 173 175 179 179 180 182 183 187 191 193 195 198 199 200 204 204 205 209 213 214 216 216 220 221 221 223 225 225 229 233 234 238 239 243 245 249 250 250 250 252 254 255 259 260 260 260 263 265 268 270 274 278 279 281 281 281 282 284 285 289 291 294 298 299 301 301 301 305 306 308 310 313 317 319 323 326 327 327 329 329 331 334 334 338 339 343 347 350 351 102
176 9 12 16 18 20 22 22 22 25 26 30 32 32 36 37 37 38 41 41 43 45 48 49 50 54 54 56 58 58 59 62 65 65 69 73 74 74 75 75 78 78 81 85 87 87 89 93 94 94 94 98 101 105 109 110 114 115 119 123 125 129 133 135 138 141 143 147 151 152 156 156 157 158 162 165 168 171 175 178 180 182 182 182 182 183 183 187 188 192 193 195 197 198 198 201 202 205 205 205 205 208 210 211 214 214 217 218 218 222 222 224 226 228 228 229 233 236 236 239 243 245 247 251 255 257 258 262 266 269 271 272 274 275 277 279 282 284 286 287 288 291 293 294 297 298 301 302 304 304 307 310 311 314 314 317 321 322 326 326 327 329 330 330 334 335 337 338 340 341 343 345 349 351 351 354 358 342
184 0 3 4 8 11 15 19 22 22 24 27 30 33 35 38 39 39 41 43 47 48 51 53 53 54 56 58 58 59 60 63 63 66 67 67 68 71 74 77 79 79 79 83 87 88 91 93 97 98 101 102 105 107 109 109 112 115 119 119 121 121 121 123 123 127 127 127 130 130 131 132 132 134 136 136 138 141 141 143 144 148 148 149 152 152 154 158 159 159 159 159 159 162 162 164 166 169 173 174 178 182 182 183 187 191 192 193 194 195 195 199 200 204 204 207 207 211 213 214 215 216 219 219 222 225 225 228 232 235 239 241 245 249 251 253 253 256 258 259 261 265 267 269 271 275 278 278 280 282 283 284 285 288 291 291 292 294 294 294 295 296 297 300 304 308 312 314 315 316 318 322 322 326 328 332 332 336 337 339 340 342 344 348 352 176
186 0 0 3 5 9 9 10 10 10 13 13 14 14 16 17 20 20 24 25 25 25 25 26 28 32 35 39 42 42 45 49 49 51 51 53 56 57 58 58 58 58 62 62 62 62 63 66 68 69 70 70 74 77 79 80 80 83 86 89 93 93 96 98 98 99 101 101 101 101 105 108 109 111 113 117 117 121 123 127 130 130 131 134 138 141 145 148 152 153 157 161 162 166 169 173 176 179 181 184 184 184 188 188 189 190 193 194 195 196 196 197 200 203 207 208 210 211 214 214 216 220 221 222 224 227 229 233 234 234 237 239 239 242 246 247 250 251 255 256 258 259 262 262 265 268 271 275 279 283 287 291 295 295 296 299 303 305 309 313 313 314 317 321 323 323 327 331 333 337 339 341 341 342 342 344 345 345 346 349 349 353 353 357 359 361 362 274
187 3 4 5 5 9 9 11 15 16 16 17 21 25 26 27 30 33 37 37 39 43 46 48 51 51 51 55 59 61 65 66 69 73 73 77 79 81 84 86 90 94 97 98 98 100 101 105 107 110 112 113 115 118 120 123 123 125 128 132 132 134 137 140 141 142 145 146 146 149 150 152 154 157 159 162 163 165 167 170 174 175 178 178 180 182 182 186 188 188 188 192 196 199 200 201 201 204 205 205 205 208 209 210 211 214 216 216 220 220 223 225 227 228 228 229 231 234 234 238 241 244 245 245 249 251 255 258 259 262 262 265 266 270 274 278 282 286 289 292 292 294 294 294 298 301 305 309 310 313 315 315 315 318 320 321 321 325 328 329 332 333 336 339 342 343 344 346 347 349 353 353 355 357 359 362 364 364 368 372 376 379 381 384 388 392 395 399 50
188 1 1 2 5 7 11 12 15 18 18 20 21 25 25 25 27 27 30 32 36 40 43 44 45 47 48 52 56 58 59 60 64 66 68 72 73 77 81 84 85 86 89 92 96 98 101 101 104 104 108 111 111 114 114 117 119 122 123 125 128 132 136 138 139 139 142 144 146 148 149 151 152 154 156 160 164 164 167 169 171 171 175 176 176 179 179 180 182 184 185 185 189 189 189 191 193 194 194 195 196 196 200 202 202 204 205 209 210 213 216 219 223 223 227 230 231 233 233 234 235 235 238 240 240 240 240 242 243 247 248 248 248 249 252 256 257 259 260 262 263 263 263 267 268 271 271 273 274 276 280 283 287 291 291 292 294 297 298 299 300 300 301 301 303 305 308 309 313 314 318 321 322 322 324 324 325 326 329 333 334 338 342 343 347 348 348 350 350 298
188 4 4 4 5 5 7 11 13 17 17 21 25 28 32 33 37 37 39 42 42 45 45 49 53 53 54 54 55 55 59 63 65 67 67 68 71 71 73 74 78 78 78 82 85 87 90 93 97 100 103 105 106 107 109 113 114 116 120 124 128 128 128 131 133 135 135 139 139 142 142 144 148 151 153 153 153 156 160 162 163 167 167 168 169 173 174 178 182 182 183 185 187 189 189 189 192 196 200 203 204 204 208 210 212 214 216 219 223 227 227 227 231 233 237 237 237 241 245 246 250 250 254 254 254 255 259 259 263 266 270 270 274 276 278 281 281 284 287 290 291 291 295 297 301 305 307 307 310 311 311 311 311 311 312 312 316 316 316 318 322 322 323 325 329 331 333 337 341 344 348 350 350 354 354 357 358 360 363 364 364 365 367 370 374 376 376 378 380 192
189 7 7 10 10 11 13 14 17 18 19 19 21 24 28 29 31 35 36 38 38 42 43 45 45 49 50 50 51 52 56 59 60 62 63 66 69 73 75 78 81 82 86 88 89 93 93 96 98 102 106 107 108 110 110 114 116 120 124 125 127 130 134 134 136 140 144 145 146 146 149 153 153 156 158 158 161 161 161 161 164 164 166 169 170 171 173 176 177 178 181 185 186 188 192 193 193 196 200 201 203 207 211 213 217 218 220 220 220 223 227 229 230 234 234 238 238 239 239 241 245 249 250 253 257 260 262 266 266 270 270 274 278 282 283 286 287 289 291 294 298 302 305 306 307 308 310 313 315 318 322 324 327 329 332 332 333 333 335 339 342 344 345 346 347 349 352 356 360 362 364 367 370 371 374 378 381 382 382 382 385 385 389 392 393 394 394 395 396 396 146
190 8 11 15 17 19 19 21 22 23 24 28 28 30 34 36 37 40 42 42 43 43 47 49 52 52 55 59 59 59 63 65 69 70 72 74 78 80 82 84 86 90 93 93 96 98 102 102 104 107 109 113 114 114 116 118 119 123 123 124 124 124 127 130 131 131 131 133 134 135 139 143 147 151 153 157 160 160 162 164 165 168 168 171 172 174 178 178 182 182 185 185 188 191 193 196 198 199 200 202 203 205 206 208 209 211 214 218 220 222 224 224 225 229 229 232 234 235 238 240 242 244 245 249 253 257 258 258 259 262 263 265 265 265 265 269 271 271 274 275 279 283 287 291 295 297 298 298 302 304 306 307 308 310 310 310 310 313 315 316 316 320 322 322 322 325 327 327 328 328 330 334 335 338 338 340 340 343 347 348 348 348 349 351 353 356 357 358 361 362 366 232
192 1 1 4 7 8 11 13 13 17 19 22 25 26 30 31 35 37 41 44 47 47 50 51 52 53 55 57 58 60 62 63 64 66 70 70 74 75 75 77 81 83 86 90 90 90 90 91 94 96 99 102 106 108 112 116 120 120 120 122 122 124 128 128 130 133 137 137 137 140 141 141 145 147 148 152 154 158 161 163 166 170 173 173 173 177 178 182 183 183 184 185 187 187 187 188 192 195 196 199 202 206 208 209 210 214 216 218 219 220 224 225 226 227 229 232 234 235 237 240 242 244 247 251 252 254 256 260 263 266 268 269 269 271 275 275 275 278 280 283 287 290 291 295 295 297 299 303 306 306 309 313 316 318 319 320 324 326 330 332 335 339 342 344 345 347 347 350 353 353 353 355 359 363 365 369 371 374 378 382 382 386 390 392 392 394 396 398 398 400 401 404 406 207
195 4 4 7 9 13 17 17 21 21 24 28 32 32 33 35 37 37 38 39 43 44 48 49 50 53 57 60 63 66 68 70 72 76 78 78 79 82 82 85 88 92 96 99 101 104 108 108 110 113 117 117 120 120 121 123 127 129 131 135 139 140 143 147 147 151 154 154 155 157 157 160 161 161 164 165 166 168 170 174 177 178 180 183 183 186 187 190 191 194 195 197 197 197 200 201 203 204 204 207 211 212 216 218 220 221 224 224 225 227 230 233 235 238 241 244 248 251 255 255 259 261 265 267 268 268 268 269 270 273 276 278 279 281 282 285 285 289 289 293 296 299 301 305 308 309 310 312 312 314 317 318 320 322 322 322 325 328 328 331 333 334 336 338 342 342 344 344 348 352 356 356 357 360 361 365 366 366 369 372 372 374 376 379 381 384 388 388 388 388 390 394 396 397 397 397 309
197 2 5 6 7 11 12 12 14 18 21 25 27 30 32 36 39 39 42 43 46 50 52 54 54 58 61 62 66 69 70 74 77 77 81 81 82 82 84 85 89 91 92 92 93 97 100 104 104 105 106 109 109 113 115 116 120 122 125 129 130 130 130 133 137 137 137 139 142 142 143 146 147 147 150 150 153 157 159 163 164 167 167 169 172 174 177 181 183 185 188 192 192 193 194 197 200 200 200 204 205 206 209 210 213 214 215 217 218 219 220 222 226 226 229 231 234 238 238 239 242 242 246 250 253 253 254 257 257 258 259 261 264 265 268 268 269 271 273 274 274 275 278 279 279 281 282 286 286 290 294 297 299 302 303 303 305 309 313 316 319 319 321 323 325 325 328 332 335 335 338 341 344 348 350 350 353 354 356 357 358 359 359 361 363 363 364 366 370 370 373 373 373 376 379 381 385 387 226
198 1 1 1 2 4 4 5 7 11 15 19 21 24 27 29 29 31 33 35 35 37 39 42 46 50 50 54 58 61 64 64 68 69 72 73 77 79 79 83 84 86 87 91 91 95 96 97 97 100 101 102 104 104 104 104 105 107 110 112 116 116 119 122 124 126 130 132 134 134 137 139 139 143 145 145 149 151 152 153 154 156 157 158 160 163 164 168 171 174 175 177 181 181 183 186 187 191 194 198 198 201 202 202 204 204 207 209 210 211 215 215 216 219 220 220 220 223 223 226 226 227 229 229 231 231 231 234 237 240 240 243 245 249 250 252 254 254 258 260 264 265 269 269 271 275 279 283 286 290 290 290 290 293 294 298 299 303 304 306 308 311 311 313 313 314 318 318 319 319 323 325 328 331 331 335 336 336 339 340 342 345 346 348 350 350 354 355 358 358 362 366 366 366 369 373 376 378 381 305
199 3 7 10 11 15 16 20 22 24 27 31 32 35 38 41 41 41 43 44 48 52 53 56 59 62 65 68 72 72 75 77 77 78 78 80 81 83 85 85 87 91 93 95 97 101 101 101 101 102 103 106 108 108 109 109 112 114 118 118 120 122 125 127 131 134 134 136 140 141 144 145 149 151 155 155 159 161 163 164 165 166 166 168 172 172 174 174 177 177 177 177 179 179 180 180 183 185 189 191 192 193 197 199 201 201 204 205 208 212 213 214 216 219 220 224 224 227 229 231 234 237 237 239 242 245 248 249 252 252 252 254 255 255 257 260 264 267 270 271 274 276 279 280 284 287 289 289 292 295 297 297 297 298 302 303 304 306 309 310 312 315 317 320 322 324 324 326 326 328 332 333 333 337 337 340 340 343 345 347 350 351 351 351 355 358 361 365 365 365 367 367 371 373 375 377 381 385 389 390 63
201 9 11 13 17 20 22 23 25 25 27 29 32 32 33 35 37 41 45 46 48 51 53 53 57 60 64 65 67 67 71 73 73 73 77 78 79 83 86 87 89 90 94 97 99 99 99 101 101 102 105 107 107 107 109 111 111 112 115 116 117 118 121 124 126 128 131 135 138 141 142 145 148 151 154 155 159 160 161 163 165 167 170 172 175 175 177 177 177 179 181 185 187 191 193 196 199 201 203 203 204 206 209 210 211 215 218 220 220 221 221 224 226 228 232 233 235 239 241 245 249 253 257 258 261 261 262 264 265 265 269 271 274 276 280 281 282 284 286 288 289 291 291 293 297 301 302 303 306 306 309 312 315 316 319 323 325 328 332 335 336 337 338 342 342 345 349 349 349 353 353 355 357 360 360 364 364 365 367 370 373 375 377 378 380 380 384 386 386 389 389 390 392 396 397 397 398 400 400 400 400 403 391
201 1 5 9 13 13 15 17 19 23 24 26 28 30 34 34 37 39 41 42 45 49 49 51 54 56 56 57 57 59 59 63 63 63 67 69 69 72 76 79 82 84 85 87 91 93 93 94 96 100 100 103 104 108 111 111 112 115 116 118 118 119 122 123 123 123 125 128 131 131 132 134 138 141 141 141 143 146 150 154 154 157 159 162 162 162 162 166 166 170 170 172 174 177 180 180 182 185 189 190 191 194 195 196 199 201 203 203 203 207 208 209 210 211 215 216 219 222 223 227 228 230 230 233 234 234 238 242 242 244 246 246 247 251 252 254 258 261 263 263 265 269 271 271 275 276 276 280 283 283 283 286 286 289 293 297 297 300 301 302 303 304 306 308 308 308 311 313 317 317 318 318 319 322 325 329 331 331 334 334 336 339 343 346 348 351 353 353 354 355 357 357 360 360 362 363 366 367 367 371 372 374 2
202 8 10 13 16 19 21 23 23 27 29 30 31 33 34 37 37 41 44 46 47 49 50 52 53 54 58 58 58 58 58 58 60 61 61 64 66 66 66 67 67 71 72 73 77 78 81 82 83 87 87 91 91 91 94 94 95 97 101 105 106 108 112 114 116 120 122 123 124 128 128 130 132 132 132 135 135 137 140 141 143 147 149 150 150 150 151 154 158 160 162 165 168 168 172 174 175 178 180 184 185 187 190 190 194 197 197 199 203 205 206 210 211 215 215 216 217 220 222 223 224 227 227 227 227 229 229 230 230 231 232 235 237 237 241 245 248 252 252 252 256 257 257 261 263 266 266 269 271 271 271 271 272 275 278 279 279 281 281 282 285 287 287 291 292 293 293 297 299 301 304 308 311 311 315 319 321 321 322 326 330 333 336 337 337 338 338 342 346 346 347 351 352 356 360 362 364 364 367 371 373 377 378 301
203 1 3 5 5 6 7 8 9 13 16 19 23 26 27 30 31 32 33 35 36 36 38 40 44 44 45 46 47 49 51 52 56 57 61 65 66 67 67 67 68 71 74 76 77 78 78 81 85 88 88 89 92 95 99 100 102 105 105 108 108 110 110 110 114 114 118 121 124 128 132 135 136 137 137 137 140 141 143 145 147 150 151 155 157 159 162 163 163 163 167 170 171 173 175 176 179 181 181 185 186 186 190 190 191 195 195 198 202 202 205 207 208 212 215 216 219 221 224 228 229 232 232 233 235 236 236 238 242 244 248 249 250 253 255 257 260 264 268 271 273 276 276 280 281 282 282 286 287 291 292 296 297 300 303 306 306 307 310 311 314 317 318 320 322 325 328 328 329 332 333 336 340 341 341 341 345 345 346 350 354 354 356 358 359 363 367 371 373 376 377 380 384 385 386 389 389 390 393 396 400 404 408 408 114
203 5 5 9 10 12 13 13 15 17 20 21 22 26 27 29 31 34 34 36 40 41 42 46 50 54 58 61 63 67 71 73 76 80 81 81 81 84 88 92 93 95 99 101 102 104 104 104 108 109 113 115 116 118 121 124 128 131 134 134 137 139 139 142 143 144 148 152 156 157 158 158 159 163 165 166 170 172 175 179 181 181 183 186 186 189 193 195 195 197 200 202 206 207 211 211 213 215 215 217 218 221 221 221 221 221 224 225 229 233 236 239 240 244 247 247 247 249 249 251 254 255 259 263 263 263 267 268 268 271 271 274 274 277 277 280 280 280 280 284 287 287 291 293 293 296 298 298 298 299 299 299 301 302 304 307 307 309 310 313 313 314 318 322 322 325 327 330 331 331 331 331 332 336 338 341 342 345 348 352 354 357 359 359 362 364 367 369 370 372 376 378 379 381 385 389 391 393 395 397 399 403 406 409 156
